  1    5  3.00000000e+000  4.00000000e+000  -3.90000000e+001  -5.95000000e+000  -3.99500000e+001  -5.00000000e+000    0    0
  2   -1  0.00000000e+000  0.00000000e+000  0.00000000e+000  0.00000000e+000  0.00000000e+000  0.00000000e+000    0    0
  3   -1  0.00000000e+000  0.00000000e+000  0.00000000e+000  0.00000000e+000  0.00000000e+000  0.00000000e+000    0    0
 11    5  1.00000000e+000  2.00000000e+000  -3.90000000e+001  -5.95000000e+000  -3.89500000e+001  -6.00000000e+000    0    0
 12    5  3.00000000e+000  4.00000000e+000  -3.80000000e+001  -6.95000000e+000  -3.89500000e+001  -6.00000000e+000    0    0
 13   -1  0.00000000e+000  0.00000000e+000  0.00000000e+000  0.00000000e+000  0.00000000e+000  0.00000000e+000    0    0
 14   -1  0.00000000e+000  0.00000000e+000  0.00000000e+000  0.00000000e+000  0.00000000e+000  0.00000000e+000    0    0
 21   -1  0.00000000e+000  0.00000000e+000  0.00000000e+000  0.00000000e+000  0.00000000e+000  0.00000000e+000    0    0
 22    5  1.00000000e+000  2.00000000e+000  -3.80000000e+001  -6.95000000e+000  -3.79500000e+001  -7.00000000e+000    0    0
 23    5  3.00000000e+000  4.00000000e+000  -3.70000000e+001  -7.75564539e+000  -3.79500000e+001  -7.00000000e+000    0    0
 24   -1  0.00000000e+000  0.00000000e+000  0.00000000e+000  0.00000000e+000  0.00000000e+000  0.00000000e+000    0    0
 31   -1  0.00000000e+000  0.00000000e+000  0.00000000e+000  0.00000000e+000  0.00000000e+000  0.00000000e+000    0    0
 32   -1  0.00000000e+000  0.00000000e+000  0.00000000e+000  0.00000000e+000  0.00000000e+000  0.00000000e+000    0    0
 33    4  1.00000000e+000  3.00000000e+000  -3.70000000e+001  -7.75564539e+000  -3.60000000e+001  -7.80765046e+000    0    0
 34   -1  0.00000000e+000  0.00000000e+000  0.00000000e+000  0.00000000e+000  0.00000000e+000  0.00000000e+000    0    0
 42   -1  0.00000000e+000  0.00000000e+000  0.00000000e+000  0.00000000e+000  0.00000000e+000  0.00000000e+000    0    0
 43    4  1.00000000e+000  3.00000000e+000  -3.60000000e+001  -7.80765046e+000  -3.50000000e+001  -7.83259414e+000    0    0
 44   -1  0.00000000e+000  0.00000000e+000  0.00000000e+000  0.00000000e+000  0.00000000e+000  0.00000000e+000    0    0
 50   -1  0.00000000e+000  0.00000000e+000  0.00000000e+000  0.00000000e+000  0.00000000e+000  0.00000000e+000    2    1
 52   -1  0.00000000e+000  0.00000000e+000  0.00000000e+000  0.00000000e+000  0.00000000e+000  0.00000000e+000    0    0
 53    4  1.00000000e+000  3.00000000e+000  -3.50000000e+001  -7.83259414e+000  -3.40000000e+001  -7.85753782e+000    0    0
 54   -1  0.00000000e+000  0.00000000e+000  0.00000000e+000  0.00000000e+000  0.00000000e+000  0.00000000e+000    0    0
 60   -1  0.00000000e+000  0.00000000e+000  0.00000000e+000  0.00000000e+000  0.00000000e+000  0.00000000e+000    2    1
 62   -1  0.00000000e+000  0.00000000e+000  0.00000000e+000  0.00000000e+000  0.00000000e+000  0.00000000e+000    0    0
 63    4  1.00000000e+000  3.00000000e+000  -3.40000000e+001  -7.85753782e+000  -3.30000000e+001  -7.89775160e+000    0    0
 64   -1  0.00000000e+000  0.00000000e+000  0.00000000e+000  0.00000000e+000  0.00000000e+000  0.00000000e+000    0    0
 70   -1  0.00000000e+000  0.00000000e+000  0.00000000e+000  0.00000000e+000  0.00000000e+000  0.00000000e+000    2    1
 72   -1  0.00000000e+000  0.00000000e+000  0.00000000e+000  0.00000000e+000  0.00000000e+000  0.00000000e+000    0    0
 73    4  1.00000000e+000  3.00000000e+000  -3.30000000e+001  -7.89775160e+000  -3.20000000e+001  -7.94539632e+000    0    0
 74   -1  0.00000000e+000  0.00000000e+000  0.00000000e+000  0.00000000e+000  0.00000000e+000  0.00000000e+000    0    0
 80   -1  0.00000000e+000  0.00000000e+000  0.00000000e+000  0.00000000e+000  0.00000000e+000  0.00000000e+000    0    0
 82   -1  0.00000000e+000  0.00000000e+000  0.00000000e+000  0.00000000e+000  0.00000000e+000  0.00000000e+000    0    0
 83    4  1.00000000e+000  3.00000000e+000  -3.20000000e+001  -7.94539632e+000  -3.10000000e+001  -7.99304104e+000    0    0
 84   -1  0.00000000e+000  0.00000000e+000  0.00000000e+000  0.00000000e+000  0.00000000e+000  0.00000000e+000    0    0
 85   -1  0.00000000e+000  0.00000000e+000  0.00000000e+000  0.00000000e+000  0.00000000e+000  0.00000000e+000    0    0
 90   -1  0.00000000e+000  0.00000000e+000  0.00000000e+000  0.00000000e+000  0.00000000e+000  0.00000000e+000    0    0
 92   -1  0.00000000e+000  0.00000000e+000  0.00000000e+000  0.00000000e+000  0.00000000e+000  0.00000000e+000    0    0
 93    5  1.00000000e+000  2.00000000e+000  -3.10000000e+001  -7.99304104e+000  -3.08894149e+001  -8.00000000e+000    0    0
 94    5  3.00000000e+000  4.00000000e+000  -3.00000000e+001  -8.05642661e+000  -3.08894149e+001  -8.00000000e+000    0    0
 95   -1  0.00000000e+000  0.00000000e+000  0.00000000e+000  0.00000000e+000  0.00000000e+000  0.00000000e+000    0    0
102   -1  0.00000000e+000  0.00000000e+000  0.00000000e+000  0.00000000e+000  0.00000000e+000  0.00000000e+000    0    0
103   -1  0.00000000e+000  0.00000000e+000  0.00000000e+000  0.00000000e+000  0.00000000e+000  0.00000000e+000    0    0
104    4  1.00000000e+000  3.00000000e+000  -3.00000000e+001  -8.05642661e+000  -2.90000000e+001  -8.19319049e+000    0    0
105   -1  0.00000000e+000  0.00000000e+000  0.00000000e+000  0.00000000e+000  0.00000000e+000  0.00000000e+000    0    0
113   -1  0.00000000e+000  0.00000000e+000  0.00000000e+000  0.00000000e+000  0.00000000e+000  0.00000000e+000    0    0
114    4  1.00000000e+000  3.00000000e+000  -2.90000000e+001  -8.19319049e+000  -2.80000000e+001  -8.32995437e+000    0    0
115   -1  0.00000000e+000  0.00000000e+000  0.00000000e+000  0.00000000e+000  0.00000000e+000  0.00000000e+000    0    0
123   -1  0.00000000e+000  0.00000000e+000  0.00000000e+000  0.00000000e+000  0.00000000e+000  0.00000000e+000    0    0
124    4  1.00000000e+000  3.00000000e+000  -2.80000000e+001  -8.32995437e+000  -2.70000000e+001  -8.46671825e+000    0    0
125   -1  0.00000000e+000  0.00000000e+000  0.00000000e+000  0.00000000e+000  0.00000000e+000  0.00000000e+000    0    0
133   -1  0.00000000e+000  0.00000000e+000  0.00000000e+000  0.00000000e+000  0.00000000e+000  0.00000000e+000    0    0
134    4  1.00000000e+000  3.00000000e+000  -2.70000000e+001  -8.46671825e+000  -2.60000000e+001  -8.45633926e+000    0    0
135   -1  0.00000000e+000  0.00000000e+000  0.00000000e+000  0.00000000e+000  0.00000000e+000  0.00000000e+000    0    0
143   -1  0.00000000e+000  0.00000000e+000  0.00000000e+000  0.00000000e+000  0.00000000e+000  0.00000000e+000    0    0
144    4  1.00000000e+000  3.00000000e+000  -2.60000000e+001  -8.45633926e+000  -2.50000000e+001  -8.38554027e+000    0    0
145   -1  0.00000000e+000  0.00000000e+000  0.00000000e+000  0.00000000e+000  0.00000000e+000  0.00000000e+000    0    0
153   -1  0.00000000e+000  0.00000000e+000  0.00000000e+000  0.00000000e+000  0.00000000e+000  0.00000000e+000    3    6
154    4  1.00000000e+000  3.00000000e+000  -2.50000000e+001  -8.38554027e+000  -2.40000000e+001  -8.31474129e+000    3    6
155   -1  0.00000000e+000  0.00000000e+000  0.00000000e+000  0.00000000e+000  0.00000000e+000  0.00000000e+000    3    6
163   -1  0.00000000e+000  0.00000000e+000  0.00000000e+000  0.00000000e+000  0.00000000e+000  0.00000000e+000    3    6
164   40  1.00000000e+000  3.00000000e+000  -2.40000000e+001  -8.31474129e+000  -2.30000000e+001  -8.24394230e+000    3    6
165   -1  0.00000000e+000  0.00000000e+000  0.00000000e+000  0.00000000e+000  0.00000000e+000  0.00000000e+000    3    6
173   -1  0.00000000e+000  0.00000000e+000  0.00000000e+000  0.00000000e+000  0.00000000e+000  0.00000000e+000    3    6
174   -1  0.00000000e+000  0.00000000e+000  0.00000000e+000  0.00000000e+000  0.00000000e+000  0.00000000e+000    3    6
175   -1  0.00000000e+000  0.00000000e+000  0.00000000e+000  0.00000000e+000  0.00000000e+000  0.00000000e+000    3    6
200   -1  0.00000000e+000  0.00000000e+000  0.00000000e+000  0.00000000e+000  0.00000000e+000  0.00000000e+000    0    0
349   -1  0.00000000e+000  0.00000000e+000  0.00000000e+000  0.00000000e+000  0.00000000e+000  0.00000000e+000    0    0
350   -1  0.00000000e+000  0.00000000e+000  0.00000000e+000  0.00000000e+000  0.00000000e+000  0.00000000e+000    0    0
352   -1  0.00000000e+000  0.00000000e+000  0.00000000e+000  0.00000000e+000  0.00000000e+000  0.00000000e+000    4    6
353   -1  0.00000000e+000  0.00000000e+000  0.00000000e+000  0.00000000e+000  0.00000000e+000  0.00000000e+000    4    6
354   -1  0.00000000e+000  0.00000000e+000  0.00000000e+000  0.00000000e+000  0.00000000e+000  0.00000000e+000    4    6
355    5  2.00000000e+000  3.00000000e+000  -2.91109249e+001  2.00000000e+001  -2.90000000e+001  2.02680061e+001    0    0
357   -1  0.00000000e+000  0.00000000e+000  0.00000000e+000  0.00000000e+000  0.00000000e+000  0.00000000e+000    4    6
358   50  2.00000000e+000  3.00000000e+000  -2.82831458e+001  2.20000000e+001  -2.80000000e+001  2.26841097e+001    4    6
359    4  2.00000000e+000  4.00000000e+000  -2.86970354e+001  2.10000000e+001  -2.82831458e+001  2.20000000e+001    4    6
360    5  1.00000000e+000  4.00000000e+000  -2.90000000e+001  2.02680061e+001  -2.86970354e+001  2.10000000e+001    0    0
362   -1  0.00000000e+000  0.00000000e+000  0.00000000e+000  0.00000000e+000  0.00000000e+000  0.00000000e+000    4    6
363   -1  0.00000000e+000  0.00000000e+000  0.00000000e+000  0.00000000e+000  0.00000000e+000  0.00000000e+000    4    6
364   -1  0.00000000e+000  0.00000000e+000  0.00000000e+000  0.00000000e+000  0.00000000e+000  0.00000000e+000    4    6
365   -1  0.00000000e+000  0.00000000e+000  0.00000000e+000  0.00000000e+000  0.00000000e+000  0.00000000e+000    0    0
401   -1  0.00000000e+000  0.00000000e+000  0.00000000e+000  0.00000000e+000  0.00000000e+000  0.00000000e+000    0    0
402   -1  0.00000000e+000  0.00000000e+000  0.00000000e+000  0.00000000e+000  0.00000000e+000  0.00000000e+000    0    0
575   -1  0.00000000e+000  0.00000000e+000  0.00000000e+000  0.00000000e+000  0.00000000e+000  0.00000000e+000    0    0
580   -1  0.00000000e+000  0.00000000e+000  0.00000000e+000  0.00000000e+000  0.00000000e+000  0.00000000e+000    0    0
585    1  2.00000000e+000  0.00000000e+000  0.00000000e+000  0.00000000e+000  0.00000000e+000  0.00000000e+000    0    0
590    1  2.00000000e+000  0.00000000e+000  0.00000000e+000  0.00000000e+000  0.00000000e+000  0.00000000e+000    0    0
595    1  2.00000000e+000  0.00000000e+000  0.00000000e+000  0.00000000e+000  0.00000000e+000  0.00000000e+000    0    0
596    1  1.00000000e+000  0.00000000e+000  0.00000000e+000  0.00000000e+000  0.00000000e+000  0.00000000e+000    0    0
597    1  1.00000000e+000  0.00000000e+000  0.00000000e+000  0.00000000e+000  0.00000000e+000  0.00000000e+000    0    0
634    1  1.00000000e+000  0.00000000e+000  0.00000000e+000  0.00000000e+000  0.00000000e+000  0.00000000e+000    0    0
635    1  1.00000000e+000  0.00000000e+000  0.00000000e+000  0.00000000e+000  0.00000000e+000  0.00000000e+000    0    0
636    1  1.00000000e+000  0.00000000e+000  0.00000000e+000  0.00000000e+000  0.00000000e+000  0.00000000e+000    0    0
637    1  1.00000000e+000  0.00000000e+000  0.00000000e+000  0.00000000e+000  0.00000000e+000  0.00000000e+000    0    0
638    3  1.00000000e+000  2.00000000e+000  -1.92801622e+001  9.87855457e+000  0.00000000e+000  0.00000000e+000    0    0
639    4  2.00000000e+000  4.00000000e+000  -2.00000000e+001  9.56651743e+000  -1.92801622e+001  9.87855457e+000    0    0
643   -1  0.00000000e+000  0.00000000e+000  0.00000000e+000  0.00000000e+000  0.00000000e+000  0.00000000e+000    0    0
644   -1  0.00000000e+000  0.00000000e+000  0.00000000e+000  0.00000000e+000  0.00000000e+000  0.00000000e+000    0    0
645   -1  0.00000000e+000  0.00000000e+000  0.00000000e+000  0.00000000e+000  0.00000000e+000  0.00000000e+000    0    0
722    1  2.00000000e+000  0.00000000e+000  0.00000000e+000  0.00000000e+000  0.00000000e+000  0.00000000e+000    0    0
781   -1  0.00000000e+000  0.00000000e+000  0.00000000e+000  0.00000000e+000  0.00000000e+000  0.00000000e+000    0    0
782   -1  0.00000000e+000  0.00000000e+000  0.00000000e+000  0.00000000e+000  0.00000000e+000  0.00000000e+000    0    0
790   -1  0.00000000e+000  0.00000000e+000  0.00000000e+000  0.00000000e+000  0.00000000e+000  0.00000000e+000    0    0
791   -1  0.00000000e+000  0.00000000e+000  0.00000000e+000  0.00000000e+000  0.00000000e+000  0.00000000e+000    0    0
792    5  2.00000000e+000  3.00000000e+000  -1.87123696e+001  -1.50000000e+001  -1.80000000e+001  -1.44022509e+001    0    0
799   -1  0.00000000e+000  0.00000000e+000  0.00000000e+000  0.00000000e+000  0.00000000e+000  0.00000000e+000    0    0
800   -1  0.00000000e+000  0.00000000e+000  0.00000000e+000  0.00000000e+000  0.00000000e+000  0.00000000e+000    0    0
801    5  2.00000000e+000  3.00000000e+000  -1.75206160e+001  -1.40000000e+001  -1.70000000e+001  -1.35631513e+001    0    0
802    5  1.00000000e+000  4.00000000e+000  -1.80000000e+001  -1.44022509e+001  -1.75206160e+001  -1.40000000e+001    0    0
808   -1  0.00000000e+000  0.00000000e+000  0.00000000e+000  0.00000000e+000  0.00000000e+000  0.00000000e+000    0    0
809   -1  0.00000000e+000  0.00000000e+000  0.00000000e+000  0.00000000e+000  0.00000000e+000  0.00000000e+000    0    0
810    5  2.00000000e+000  3.00000000e+000  -1.63288624e+001  -1.30000000e+001  -1.60000000e+001  -1.27240517e+001    0    0
811    5  1.00000000e+000  4.00000000e+000  -1.70000000e+001  -1.35631513e+001  -1.63288624e+001  -1.30000000e+001    0    0
812   -1  0.00000000e+000  0.00000000e+000  0.00000000e+000  0.00000000e+000  0.00000000e+000  0.00000000e+000    0    0
818   -1  0.00000000e+000  0.00000000e+000  0.00000000e+000  0.00000000e+000  0.00000000e+000  0.00000000e+000    0    0
819    5  2.00000000e+000  3.00000000e+000  -1.51371088e+001  -1.20000000e+001  -1.50000000e+001  -1.18849520e+001    0    0
820    5  1.00000000e+000  4.00000000e+000  -1.60000000e+001  -1.27240517e+001  -1.51371088e+001  -1.20000000e+001    0    0
821   -1  0.00000000e+000  0.00000000e+000  0.00000000e+000  0.00000000e+000  0.00000000e+000  0.00000000e+000    0    0
822   -1  0.00000000e+000  0.00000000e+000  0.00000000e+000  0.00000000e+000  0.00000000e+000  0.00000000e+000    0    0
828   -1  0.00000000e+000  0.00000000e+000  0.00000000e+000  0.00000000e+000  0.00000000e+000  0.00000000e+000    0    0
829    4  1.00000000e+000  3.00000000e+000  -1.50000000e+001  -1.18849520e+001  -1.40000000e+001  -1.13080357e+001    0    0
830   -1  0.00000000e+000  0.00000000e+000  0.00000000e+000  0.00000000e+000  0.00000000e+000  0.00000000e+000    0    0
831   -1  0.00000000e+000  0.00000000e+000  0.00000000e+000  0.00000000e+000  0.00000000e+000  0.00000000e+000    0    0
838   -1  0.00000000e+000  0.00000000e+000  0.00000000e+000  0.00000000e+000  0.00000000e+000  0.00000000e+000    0    0
839    4  1.00000000e+000  3.00000000e+000  -1.40000000e+001  -1.13080357e+001  -1.30000000e+001  -1.11744042e+001    0    0
840   -1  0.00000000e+000  0.00000000e+000  0.00000000e+000  0.00000000e+000  0.00000000e+000  0.00000000e+000    0    0
847   -1  0.00000000e+000  0.00000000e+000  0.00000000e+000  0.00000000e+000  0.00000000e+000  0.00000000e+000    0    0
848   -1  0.00000000e+000  0.00000000e+000  0.00000000e+000  0.00000000e+000  0.00000000e+000  0.00000000e+000    0    0
849    4  1.00000000e+000  3.00000000e+000  -1.30000000e+001  -1.11744042e+001  -1.20000000e+001  -1.10407726e+001    0    0
850   -1  0.00000000e+000  0.00000000e+000  0.00000000e+000  0.00000000e+000  0.00000000e+000  0.00000000e+000    0    0
857   -1  0.00000000e+000  0.00000000e+000  0.00000000e+000  0.00000000e+000  0.00000000e+000  0.00000000e+000    0    0
858    5  2.00000000e+000  3.00000000e+000  -1.16948878e+001  -1.10000000e+001  -1.10000000e+001  -1.09041397e+001    0    0
859    5  1.00000000e+000  4.00000000e+000  -1.20000000e+001  -1.10407726e+001  -1.16948878e+001  -1.10000000e+001    0    0
860   -1  0.00000000e+000  0.00000000e+000  0.00000000e+000  0.00000000e+000  0.00000000e+000  0.00000000e+000    0    0
867   -1  0.00000000e+000  0.00000000e+000  0.00000000e+000  0.00000000e+000  0.00000000e+000  0.00000000e+000    0    0
868    4  1.00000000e+000  3.00000000e+000  -1.10000000e+001  -1.09041397e+001  -1.00000000e+001  -1.05407254e+001    0    0
869   -1  0.00000000e+000  0.00000000e+000  0.00000000e+000  0.00000000e+000  0.00000000e+000  0.00000000e+000    0    0
870   -1  0.00000000e+000  0.00000000e+000  0.00000000e+000  0.00000000e+000  0.00000000e+000  0.00000000e+000    0    0
913   -1  0.00000000e+000  0.00000000e+000  0.00000000e+000  0.00000000e+000  0.00000000e+000  0.00000000e+000    2    1
914   -1  0.00000000e+000  0.00000000e+000  0.00000000e+000  0.00000000e+000  0.00000000e+000  0.00000000e+000    2    1
923   50  3.00000000e+000  4.00000000e+000  -3.40000000e+001  -1.51966261e+001  -3.43815190e+001  -1.50000000e+001    2    1
924   -1  0.00000000e+000  0.00000000e+000  0.00000000e+000  0.00000000e+000  0.00000000e+000  0.00000000e+000    2    1
933    4  1.00000000e+000  3.00000000e+000  -3.40000000e+001  -1.51966261e+001  -3.30000000e+001  -1.57120032e+001    2    1
934   -1  0.00000000e+000  0.00000000e+000  0.00000000e+000  0.00000000e+000  0.00000000e+000  0.00000000e+000    2    1
935   -1  0.00000000e+000  0.00000000e+000  0.00000000e+000  0.00000000e+000  0.00000000e+000  0.00000000e+000    0    0
943    5  1.00000000e+000  2.00000000e+000  -3.30000000e+001  -1.57120032e+001  -3.24411921e+001  -1.60000000e+001    0    0
944    5  3.00000000e+000  4.00000000e+000  -3.20000000e+001  -1.62273803e+001  -3.24411921e+001  -1.60000000e+001    0    0
945   -1  0.00000000e+000  0.00000000e+000  0.00000000e+000  0.00000000e+000  0.00000000e+000  0.00000000e+000    0    0
953   -1  0.00000000e+000  0.00000000e+000  0.00000000e+000  0.00000000e+000  0.00000000e+000  0.00000000e+000    0    0
954    4  1.00000000e+000  3.00000000e+000  -3.20000000e+001  -1.62273803e+001  -3.10000000e+001  -1.67359301e+001    0    0
955   -1  0.00000000e+000  0.00000000e+000  0.00000000e+000  0.00000000e+000  0.00000000e+000  0.00000000e+000    0    0
963   -1  0.00000000e+000  0.00000000e+000  0.00000000e+000  0.00000000e+000  0.00000000e+000  0.00000000e+000    0    0
964    4  1.00000000e+000  3.00000000e+000  -3.10000000e+001  -1.67359301e+001  -3.00000000e+001  -1.68252569e+001    0    0
965   -1  0.00000000e+000  0.00000000e+000  0.00000000e+000  0.00000000e+000  0.00000000e+000  0.00000000e+000    0    0
973   -1  0.00000000e+000  0.00000000e+000  0.00000000e+000  0.00000000e+000  0.00000000e+000  0.00000000e+000    0    0
974    4  1.00000000e+000  3.00000000e+000  -3.00000000e+001  -1.68252569e+001  -2.90000000e+001  -1.68851288e+001    0    0
975   -1  0.00000000e+000  0.00000000e+000  0.00000000e+000  0.00000000e+000  0.00000000e+000  0.00000000e+000    0    0
983   -1  0.00000000e+000  0.00000000e+000  0.00000000e+000  0.00000000e+000  0.00000000e+000  0.00000000e+000    0    0
984    4  1.00000000e+000  3.00000000e+000  -2.90000000e+001  -1.68851288e+001  -2.80000000e+001  -1.69450008e+001    0    0
985   -1  0.00000000e+000  0.00000000e+000  0.00000000e+000  0.00000000e+000  0.00000000e+000  0.00000000e+000    0    0
993   -1  0.00000000e+000  0.00000000e+000  0.00000000e+000  0.00000000e+000  0.00000000e+000  0.00000000e+000    0    0
994    4  1.00000000e+000  3.00000000e+000  -2.80000000e+001  -1.69450008e+001  -2.70000000e+001  -1.69055037e+001    0    0
995   -1  0.00000000e+000  0.00000000e+000  0.00000000e+000  0.00000000e+000  0.00000000e+000  0.00000000e+000    0    0
1003   -1  0.00000000e+000  0.00000000e+000  0.00000000e+000  0.00000000e+000  0.00000000e+000  0.00000000e+000    0    0
1004    4  1.00000000e+000  3.00000000e+000  -2.70000000e+001  -1.69055037e+001  -2.60000000e+001  -1.67477383e+001    0    0
1005   -1  0.00000000e+000  0.00000000e+000  0.00000000e+000  0.00000000e+000  0.00000000e+000  0.00000000e+000    0    0
1013   -1  0.00000000e+000  0.00000000e+000  0.00000000e+000  0.00000000e+000  0.00000000e+000  0.00000000e+000    0    0
1014    4  1.00000000e+000  3.00000000e+000  -2.60000000e+001  -1.67477383e+001  -2.50000000e+001  -1.65899728e+001    0    0
1015   -1  0.00000000e+000  0.00000000e+000  0.00000000e+000  0.00000000e+000  0.00000000e+000  0.00000000e+000    0    0
1023   -1  0.00000000e+000  0.00000000e+000  0.00000000e+000  0.00000000e+000  0.00000000e+000  0.00000000e+000    0    0
1024    4  1.00000000e+000  3.00000000e+000  -2.50000000e+001  -1.65899728e+001  -2.40000000e+001  -1.64351677e+001    0    0
1025   -1  0.00000000e+000  0.00000000e+000  0.00000000e+000  0.00000000e+000  0.00000000e+000  0.00000000e+000    0    0
1033   -1  0.00000000e+000  0.00000000e+000  0.00000000e+000  0.00000000e+000  0.00000000e+000  0.00000000e+000    0    0
1034    4  1.00000000e+000  3.00000000e+000  -2.40000000e+001  -1.64351677e+001  -2.30000000e+001  -1.64514934e+001    0    0
1035   -1  0.00000000e+000  0.00000000e+000  0.00000000e+000  0.00000000e+000  0.00000000e+000  0.00000000e+000    0    0
1043   -1  0.00000000e+000  0.00000000e+000  0.00000000e+000  0.00000000e+000  0.00000000e+000  0.00000000e+000    0    0
1044    4  1.00000000e+000  3.00000000e+000  -2.30000000e+001  -1.64514934e+001  -2.20000000e+001  -1.64708960e+001    0    0
1045   -1  0.00000000e+000  0.00000000e+000  0.00000000e+000  0.00000000e+000  0.00000000e+000  0.00000000e+000    0    0
1053   -1  0.00000000e+000  0.00000000e+000  0.00000000e+000  0.00000000e+000  0.00000000e+000  0.00000000e+000    0    0
1054    4  1.00000000e+000  3.00000000e+000  -2.20000000e+001  -1.64708960e+001  -2.10000000e+001  -1.64902987e+001    0    0
1055   -1  0.00000000e+000  0.00000000e+000  0.00000000e+000  0.00000000e+000  0.00000000e+000  0.00000000e+000    0    0
1063   -1  0.00000000e+000  0.00000000e+000  0.00000000e+000  0.00000000e+000  0.00000000e+000  0.00000000e+000    0    0
1064    4  1.00000000e+000  3.00000000e+000  -2.10000000e+001  -1.64902987e+001  -2.00000000e+001  -1.60804502e+001    0    0
1065   -1  0.00000000e+000  0.00000000e+000  0.00000000e+000  0.00000000e+000  0.00000000e+000  0.00000000e+000    0    0
1177   -1  0.00000000e+000  0.00000000e+000  0.00000000e+000  0.00000000e+000  0.00000000e+000  0.00000000e+000    2   10
1178   -1  0.00000000e+000  0.00000000e+000  0.00000000e+000  0.00000000e+000  0.00000000e+000  0.00000000e+000    2   10
1179   -1  0.00000000e+000  0.00000000e+000  0.00000000e+000  0.00000000e+000  0.00000000e+000  0.00000000e+000    2   10
1180   -1  0.00000000e+000  0.00000000e+000  0.00000000e+000  0.00000000e+000  0.00000000e+000  0.00000000e+000    0    0
1187   -1  0.00000000e+000  0.00000000e+000  0.00000000e+000  0.00000000e+000  0.00000000e+000  0.00000000e+000    2   10
1188   50  1.00000000e+000  2.00000000e+000  -1.00000000e+000  -9.07564279e+000  -1.27076607e+000  -9.00000000e+000    2   10
1189    5  3.00000000e+000  4.00000000e+000  -2.00000000e+000  -8.79627694e+000  -1.27076607e+000  -9.00000000e+000    2   10
1190   -1  0.00000000e+000  0.00000000e+000  0.00000000e+000  0.00000000e+000  0.00000000e+000  0.00000000e+000    0    0
1197   -1  0.00000000e+000  0.00000000e+000  0.00000000e+000  0.00000000e+000  0.00000000e+000  0.00000000e+000    2   10
1198   -1  0.00000000e+000  0.00000000e+000  0.00000000e+000  0.00000000e+000  0.00000000e+000  0.00000000e+000    2   10
1199    4  1.00000000e+000  3.00000000e+000  -2.00000000e+000  -8.79627694e+000  -3.00000000e+000  -8.51691108e+000    2   10
1200   -1  0.00000000e+000  0.00000000e+000  0.00000000e+000  0.00000000e+000  0.00000000e+000  0.00000000e+000    0    0
1208   -1  0.00000000e+000  0.00000000e+000  0.00000000e+000  0.00000000e+000  0.00000000e+000  0.00000000e+000    0    0
1209    4  1.00000000e+000  3.00000000e+000  -3.00000000e+000  -8.51691108e+000  -4.00000000e+000  -8.23754523e+000    0    0
1210   -1  0.00000000e+000  0.00000000e+000  0.00000000e+000  0.00000000e+000  0.00000000e+000  0.00000000e+000    0    0
1218   -1  0.00000000e+000  0.00000000e+000  0.00000000e+000  0.00000000e+000  0.00000000e+000  0.00000000e+000    0    0
1219    4  1.00000000e+000  3.00000000e+000  -4.00000000e+000  -8.23754523e+000  -5.00000000e+000  -8.34647850e+000    0    0
1220   -1  0.00000000e+000  0.00000000e+000  0.00000000e+000  0.00000000e+000  0.00000000e+000  0.00000000e+000    0    0
1227   -1  0.00000000e+000  0.00000000e+000  0.00000000e+000  0.00000000e+000  0.00000000e+000  0.00000000e+000    0    0
1228   -1  0.00000000e+000  0.00000000e+000  0.00000000e+000  0.00000000e+000  0.00000000e+000  0.00000000e+000    0    0
1229    4  1.00000000e+000  3.00000000e+000  -5.00000000e+000  -8.34647850e+000  -6.00000000e+000  -8.82747749e+000    0    0
1230   -1  0.00000000e+000  0.00000000e+000  0.00000000e+000  0.00000000e+000  0.00000000e+000  0.00000000e+000    0    0
1237   -1  0.00000000e+000  0.00000000e+000  0.00000000e+000  0.00000000e+000  0.00000000e+000  0.00000000e+000    0    0
1238    5  2.00000000e+000  3.00000000e+000  -6.35867542e+000  -9.00000000e+000  -7.00000000e+000  -9.30847647e+000    0    0
1239    5  1.00000000e+000  4.00000000e+000  -6.00000000e+000  -8.82747749e+000  -6.35867542e+000  -9.00000000e+000    0    0
1240   -1  0.00000000e+000  0.00000000e+000  0.00000000e+000  0.00000000e+000  0.00000000e+000  0.00000000e+000    0    0
1246   -1  0.00000000e+000  0.00000000e+000  0.00000000e+000  0.00000000e+000  0.00000000e+000  0.00000000e+000    0    0
1247   -1  0.00000000e+000  0.00000000e+000  0.00000000e+000  0.00000000e+000  0.00000000e+000  0.00000000e+000    0    0
1248    4  1.00000000e+000  3.00000000e+000  -7.00000000e+000  -9.30847647e+000  -8.00000000e+000  -9.75758708e+000    0    0
1249   -1  0.00000000e+000  0.00000000e+000  0.00000000e+000  0.00000000e+000  0.00000000e+000  0.00000000e+000    0    0
1250   -1  0.00000000e+000  0.00000000e+000  0.00000000e+000  0.00000000e+000  0.00000000e+000  0.00000000e+000    0    0
1256   -1  0.00000000e+000  0.00000000e+000  0.00000000e+000  0.00000000e+000  0.00000000e+000  0.00000000e+000    0    0
1257    5  2.00000000e+000  3.00000000e+000  -8.61908076e+000  -1.00000000e+001  -9.00000000e+000  -1.01491562e+001    0    0
1258    5  1.00000000e+000  4.00000000e+000  -8.00000000e+000  -9.75758708e+000  -8.61908076e+000  -1.00000000e+001    0    0
1259   -1  0.00000000e+000  0.00000000e+000  0.00000000e+000  0.00000000e+000  0.00000000e+000  0.00000000e+000    0    0
1266   -1  0.00000000e+000  0.00000000e+000  0.00000000e+000  0.00000000e+000  0.00000000e+000  0.00000000e+000    0    0
1267    4  1.00000000e+000  3.00000000e+000  -9.00000000e+000  -1.01491562e+001  -1.00000000e+001  -1.05407254e+001    0    0
1268   -1  0.00000000e+000  0.00000000e+000  0.00000000e+000  0.00000000e+000  0.00000000e+000  0.00000000e+000    0    0
1269   -1  0.00000000e+000  0.00000000e+000  0.00000000e+000  0.00000000e+000  0.00000000e+000  0.00000000e+000    0    0
1273   -1  0.00000000e+000  0.00000000e+000  0.00000000e+000  0.00000000e+000  0.00000000e+000  0.00000000e+000    7    6
1274   50  2.00000000e+000  3.00000000e+000  -9.29953887e-001  -3.00000000e+000  -1.00000000e+000  -3.30103260e+000    7    6
1275    4  2.00000000e+000  4.00000000e+000  -6.97267746e-001  -2.00000000e+000  -9.29953887e-001  -3.00000000e+000    7    6
1276    4  2.00000000e+000  4.00000000e+000  -4.64581605e-001  -1.00000000e+000  -6.97267746e-001  -2.00000000e+000    0    0
1277    4  2.00000000e+000  4.00000000e+000  -2.27938297e-001  0.00000000e+000  -4.64581605e-001  -1.00000000e+000    0    0
1278   -1  0.00000000e+000  0.00000000e+000  0.00000000e+000  0.00000000e+000  0.00000000e+000  0.00000000e+000    7    6
1279   -1  0.00000000e+000  0.00000000e+000  0.00000000e+000  0.00000000e+000  0.00000000e+000  0.00000000e+000    7    6
1280   -1  0.00000000e+000  0.00000000e+000  0.00000000e+000  0.00000000e+000  0.00000000e+000  0.00000000e+000    7    6
1281   -1  0.00000000e+000  0.00000000e+000  0.00000000e+000  0.00000000e+000  0.00000000e+000  0.00000000e+000    0    0
1282   -1  0.00000000e+000  0.00000000e+000  0.00000000e+000  0.00000000e+000  0.00000000e+000  0.00000000e+000    0    0
1326   -1  0.00000000e+000  0.00000000e+000  0.00000000e+000  0.00000000e+000  0.00000000e+000  0.00000000e+000    0    0
1327    5  1.00000000e+000  2.00000000e+000  -2.27938297e-001  0.00000000e+000  0.00000000e+000  2.71994262e-001    0    0
1331   -1  0.00000000e+000  0.00000000e+000  0.00000000e+000  0.00000000e+000  0.00000000e+000  0.00000000e+000    0    0
1332   -1  0.00000000e+000  0.00000000e+000  0.00000000e+000  0.00000000e+000  0.00000000e+000  0.00000000e+000    0    0
1359   -1  0.00000000e+000  0.00000000e+000  0.00000000e+000  0.00000000e+000  0.00000000e+000  0.00000000e+000    0    0
1363   -1  0.00000000e+000  0.00000000e+000  0.00000000e+000  0.00000000e+000  0.00000000e+000  0.00000000e+000    0    0
1367   -1  0.00000000e+000  0.00000000e+000  0.00000000e+000  0.00000000e+000  0.00000000e+000  0.00000000e+000    0    0
1368   -1  0.00000000e+000  0.00000000e+000  0.00000000e+000  0.00000000e+000  0.00000000e+000  0.00000000e+000    0    0
1427    4  2.00000000e+000  4.00000000e+000  -3.49874241e+000  1.10511919e+001  -4.24471077e+000  1.05288592e+001    0    0
1428    5  3.00000000e+000  4.00000000e+000  -3.43458339e+000  1.10961165e+001  -3.49874241e+000  1.10511919e+001    0    0
1429   -1  0.00000000e+000  0.00000000e+000  0.00000000e+000  0.00000000e+000  0.00000000e+000  0.00000000e+000    0    0
1430   -1  0.00000000e+000  0.00000000e+000  0.00000000e+000  0.00000000e+000  0.00000000e+000  0.00000000e+000    0    0
1431   -1  0.00000000e+000  0.00000000e+000  0.00000000e+000  0.00000000e+000  0.00000000e+000  0.00000000e+000    0    0
1432   -1  0.00000000e+000  0.00000000e+000  0.00000000e+000  0.00000000e+000  0.00000000e+000  0.00000000e+000    0    0
1433    5  1.00000000e+000  2.00000000e+000  -3.43458339e+000  1.10961165e+001  -2.71043338e+000  1.16031718e+001    0    0
1434    4  2.00000000e+000  4.00000000e+000  -1.86340927e+000  1.21962645e+001  -2.71043338e+000  1.16031718e+001    0    0
1435    5  3.00000000e+000  4.00000000e+000  -1.84506044e+000  1.22097047e+001  -1.86340927e+000  1.21962645e+001    0    0
1436   -1  0.00000000e+000  0.00000000e+000  0.00000000e+000  0.00000000e+000  0.00000000e+000  0.00000000e+000    0    0
1437   -1  0.00000000e+000  0.00000000e+000  0.00000000e+000  0.00000000e+000  0.00000000e+000  0.00000000e+000    0    0
1438   -1  0.00000000e+000  0.00000000e+000  0.00000000e+000  0.00000000e+000  0.00000000e+000  0.00000000e+000    0    0
1439   -1  0.00000000e+000  0.00000000e+000  0.00000000e+000  0.00000000e+000  0.00000000e+000  0.00000000e+000    0    0
1440    5  1.00000000e+000  2.00000000e+000  -1.84506044e+000  1.22097047e+001  -9.63417477e-001  1.28720633e+001    0    0
1441    5  3.00000000e+000  4.00000000e+000  -3.63000348e-001  1.33285201e+001  -9.63417477e-001  1.28720633e+001    0    0
1442    5  1.00000000e+000  4.00000000e+000  0.00000000e+000  1.36044849e+001  -3.63000348e-001  1.33285201e+001    0    0
1443   -1  0.00000000e+000  0.00000000e+000  0.00000000e+000  0.00000000e+000  0.00000000e+000  0.00000000e+000    0    0
1448   -1  0.00000000e+000  0.00000000e+000  0.00000000e+000  0.00000000e+000  0.00000000e+000  0.00000000e+000    0    0
1449   -1  0.00000000e+000  0.00000000e+000  0.00000000e+000  0.00000000e+000  0.00000000e+000  0.00000000e+000    0    0
1454   -1  0.00000000e+000  0.00000000e+000  0.00000000e+000  0.00000000e+000  0.00000000e+000  0.00000000e+000    0    0
1508   -1  0.00000000e+000  0.00000000e+000  0.00000000e+000  0.00000000e+000  0.00000000e+000  0.00000000e+000    0    0
1509    3  2.00000000e+000  3.00000000e+000  -4.24471077e+000  1.05288592e+001  0.00000000e+000  0.00000000e+000    0    0
1518   -1  0.00000000e+000  0.00000000e+000  0.00000000e+000  0.00000000e+000  0.00000000e+000  0.00000000e+000    0    0
1519   -1  0.00000000e+000  0.00000000e+000  0.00000000e+000  0.00000000e+000  0.00000000e+000  0.00000000e+000    0    0
1522   -1  0.00000000e+000  0.00000000e+000  0.00000000e+000  0.00000000e+000  0.00000000e+000  0.00000000e+000    8    6
1523   -1  0.00000000e+000  0.00000000e+000  0.00000000e+000  0.00000000e+000  0.00000000e+000  0.00000000e+000    8    6
1524    5  2.00000000e+000  3.00000000e+000  7.66488918e+000  2.00000000e+001  8.00000000e+000  2.07058376e+001    8    6
1527   -1  0.00000000e+000  0.00000000e+000  0.00000000e+000  0.00000000e+000  0.00000000e+000  0.00000000e+000    8    6
1528   40  2.00000000e+000  4.00000000e+000  8.13965963e+000  2.10000000e+001  8.61443009e+000  2.20000000e+001    8    6
1529    5  1.00000000e+000  4.00000000e+000  8.00000000e+000  2.07058376e+001  8.13965963e+000  2.10000000e+001    8    6
1532   -1  0.00000000e+000  0.00000000e+000  0.00000000e+000  0.00000000e+000  0.00000000e+000  0.00000000e+000    8    6
1533   -1  0.00000000e+000  0.00000000e+000  0.00000000e+000  0.00000000e+000  0.00000000e+000  0.00000000e+000    8    6
1534   -1  0.00000000e+000  0.00000000e+000  0.00000000e+000  0.00000000e+000  0.00000000e+000  0.00000000e+000    8    6
1560   -1  0.00000000e+000  0.00000000e+000  0.00000000e+000  0.00000000e+000  0.00000000e+000  0.00000000e+000    0    0
1561   -1  0.00000000e+000  0.00000000e+000  0.00000000e+000  0.00000000e+000  0.00000000e+000  0.00000000e+000    0    0
1562    4  1.00000000e+000  3.00000000e+000  7.66488918e+000  2.00000000e+001  7.13437104e+000  1.88825797e+001    0    0
1563   -1  0.00000000e+000  0.00000000e+000  0.00000000e+000  0.00000000e+000  0.00000000e+000  0.00000000e+000    0    0
1564   -1  0.00000000e+000  0.00000000e+000  0.00000000e+000  0.00000000e+000  0.00000000e+000  0.00000000e+000    0    0
1566   -1  0.00000000e+000  0.00000000e+000  0.00000000e+000  0.00000000e+000  0.00000000e+000  0.00000000e+000    0    0
1567    5  1.00000000e+000  2.00000000e+000  7.13437104e+000  1.88825797e+001  7.00202231e+000  1.86710417e+001    0    0
1568    5  3.00000000e+000  4.00000000e+000  6.17557026e+000  1.77696451e+001  7.00202231e+000  1.86710417e+001    0    0
1569   -1  0.00000000e+000  0.00000000e+000  0.00000000e+000  0.00000000e+000  0.00000000e+000  0.00000000e+000    0    0
1571   -1  0.00000000e+000  0.00000000e+000  0.00000000e+000  0.00000000e+000  0.00000000e+000  0.00000000e+000    0    0
1572   -1  0.00000000e+000  0.00000000e+000  0.00000000e+000  0.00000000e+000  0.00000000e+000  0.00000000e+000    0    0
1573    5  1.00000000e+000  2.00000000e+000  6.17557026e+000  1.77696451e+001  5.99941156e+000  1.76320442e+001    0    0
1574    4  2.00000000e+000  4.00000000e+000  5.00000000e+000  1.68513852e+001  5.99941156e+000  1.76320442e+001    0    0
1577   -1  0.00000000e+000  0.00000000e+000  0.00000000e+000  0.00000000e+000  0.00000000e+000  0.00000000e+000    0    0
1578   -1  0.00000000e+000  0.00000000e+000  0.00000000e+000  0.00000000e+000  0.00000000e+000  0.00000000e+000    0    0
1579   -1  0.00000000e+000  0.00000000e+000  0.00000000e+000  0.00000000e+000  0.00000000e+000  0.00000000e+000    0    0
1584   -1  0.00000000e+000  0.00000000e+000  0.00000000e+000  0.00000000e+000  0.00000000e+000  0.00000000e+000    0    0
1600   -1  0.00000000e+000  0.00000000e+000  0.00000000e+000  0.00000000e+000  0.00000000e+000  0.00000000e+000    0    0
1604   -1  0.00000000e+000  0.00000000e+000  0.00000000e+000  0.00000000e+000  0.00000000e+000  0.00000000e+000    0    0
1605   -1  0.00000000e+000  0.00000000e+000  0.00000000e+000  0.00000000e+000  0.00000000e+000  0.00000000e+000    0    0
1606   -1  0.00000000e+000  0.00000000e+000  0.00000000e+000  0.00000000e+000  0.00000000e+000  0.00000000e+000    0    0
1648    4  2.00000000e+000  4.00000000e+000  8.74192005e+000  9.11908294e+000  9.36108385e+000  9.55262609e+000    0    0
1649    5  3.00000000e+000  4.00000000e+000  8.46359673e+000  8.92419885e+000  8.74192005e+000  9.11908294e+000    0    0
1650   -1  0.00000000e+000  0.00000000e+000  0.00000000e+000  0.00000000e+000  0.00000000e+000  0.00000000e+000    0    0
1651   -1  0.00000000e+000  0.00000000e+000  0.00000000e+000  0.00000000e+000  0.00000000e+000  0.00000000e+000    0    0
1652   -1  0.00000000e+000  0.00000000e+000  0.00000000e+000  0.00000000e+000  0.00000000e+000  0.00000000e+000    0    0
1654   -1  0.00000000e+000  0.00000000e+000  0.00000000e+000  0.00000000e+000  0.00000000e+000  0.00000000e+000    0    0
1655    5  1.00000000e+000  2.00000000e+000  8.46359673e+000  8.92419885e+000  8.09777115e+000  8.66804502e+000    0    0
1656    4  2.00000000e+000  4.00000000e+000  7.40798754e+000  8.18505333e+000  8.09777115e+000  8.66804502e+000    0    0
1657    5  3.00000000e+000  4.00000000e+000  6.86926591e+000  7.80777718e+000  7.40798754e+000  8.18505333e+000    0    0
1658   -1  0.00000000e+000  0.00000000e+000  0.00000000e+000  0.00000000e+000  0.00000000e+000  0.00000000e+000    0    0
1659   -1  0.00000000e+000  0.00000000e+000  0.00000000e+000  0.00000000e+000  0.00000000e+000  0.00000000e+000    0    0
1660   -1  0.00000000e+000  0.00000000e+000  0.00000000e+000  0.00000000e+000  0.00000000e+000  0.00000000e+000    0    0
1661   -1  0.00000000e+000  0.00000000e+000  0.00000000e+000  0.00000000e+000  0.00000000e+000  0.00000000e+000    0    0
1662   -1  0.00000000e+000  0.00000000e+000  0.00000000e+000  0.00000000e+000  0.00000000e+000  0.00000000e+000    0    0
1663    5  1.00000000e+000  2.00000000e+000  6.86926591e+000  7.80777718e+000  6.67322601e+000  7.57673144e+000    0    0
1664    5  3.00000000e+000  4.00000000e+000  6.23574890e+000  6.69586031e+000  6.67322601e+000  7.57673144e+000    0    0
1665   -1  0.00000000e+000  0.00000000e+000  0.00000000e+000  0.00000000e+000  0.00000000e+000  0.00000000e+000    0    0
1668   -1  0.00000000e+000  0.00000000e+000  0.00000000e+000  0.00000000e+000  0.00000000e+000  0.00000000e+000    0    0
1669   -1  0.00000000e+000  0.00000000e+000  0.00000000e+000  0.00000000e+000  0.00000000e+000  0.00000000e+000    0    0
1670    5  1.00000000e+000  2.00000000e+000  6.23574890e+000  6.69586031e+000  5.91785369e+000  6.03754791e+000    0    0
1671    5  3.00000000e+000  4.00000000e+000  5.69552385e+000  5.57713681e+000  5.91785369e+000  6.03754791e+000    0    0
1672    4  2.00000000e+000  4.00000000e+000  5.07064346e+000  4.44660339e+000  5.69552385e+000  5.57713681e+000    0    0
1673    5  1.00000000e+000  4.00000000e+000  5.00000000e+000  4.36641851e+000  5.07064346e+000  4.44660339e+000    0    0
1674   -1  0.00000000e+000  0.00000000e+000  0.00000000e+000  0.00000000e+000  0.00000000e+000  0.00000000e+000    0    0
1676   -1  0.00000000e+000  0.00000000e+000  0.00000000e+000  0.00000000e+000  0.00000000e+000  0.00000000e+000    6    6
1677   -1  0.00000000e+000  0.00000000e+000  0.00000000e+000  0.00000000e+000  0.00000000e+000  0.00000000e+000    0    0
1678   -1  0.00000000e+000  0.00000000e+000  0.00000000e+000  0.00000000e+000  0.00000000e+000  0.00000000e+000    0    0
1679   -1  0.00000000e+000  0.00000000e+000  0.00000000e+000  0.00000000e+000  0.00000000e+000  0.00000000e+000    0    0
1681   -1  0.00000000e+000  0.00000000e+000  0.00000000e+000  0.00000000e+000  0.00000000e+000  0.00000000e+000    6    6
1682   -1  0.00000000e+000  0.00000000e+000  0.00000000e+000  0.00000000e+000  0.00000000e+000  0.00000000e+000    0    0
1728   -1  0.00000000e+000  0.00000000e+000  0.00000000e+000  0.00000000e+000  0.00000000e+000  0.00000000e+000    0    0
1729    3  2.00000000e+000  3.00000000e+000  9.36108385e+000  9.55262609e+000  0.00000000e+000  0.00000000e+000    0    0
1780   40  2.00000000e+000  4.00000000e+000  5.80647934e+000  -1.00000000e+000  5.99582422e+000  0.00000000e+000    6    6
1781    4  2.00000000e+000  4.00000000e+000  5.61713447e+000  -2.00000000e+000  5.80647934e+000  -1.00000000e+000    6    6
1782    4  2.00000000e+000  4.00000000e+000  5.42778959e+000  -3.00000000e+000  5.61713447e+000  -2.00000000e+000    0    0
1783    4  2.00000000e+000  4.00000000e+000  5.24013836e+000  -4.00000000e+000  5.42778959e+000  -3.00000000e+000    0    0
1784    4  2.00000000e+000  4.00000000e+000  5.06054813e+000  -5.00000000e+000  5.24013836e+000  -4.00000000e+000    0    0
1785   -1  0.00000000e+000  0.00000000e+000  0.00000000e+000  0.00000000e+000  0.00000000e+000  0.00000000e+000    6    6
1786   -1  0.00000000e+000  0.00000000e+000  0.00000000e+000  0.00000000e+000  0.00000000e+000  0.00000000e+000    6    6
1787   -1  0.00000000e+000  0.00000000e+000  0.00000000e+000  0.00000000e+000  0.00000000e+000  0.00000000e+000    0    0
1788   -1  0.00000000e+000  0.00000000e+000  0.00000000e+000  0.00000000e+000  0.00000000e+000  0.00000000e+000    0    0
1789   -1  0.00000000e+000  0.00000000e+000  0.00000000e+000  0.00000000e+000  0.00000000e+000  0.00000000e+000    0    0
1860   -1  0.00000000e+000  0.00000000e+000  0.00000000e+000  0.00000000e+000  0.00000000e+000  0.00000000e+000    0    0
1861   -1  0.00000000e+000  0.00000000e+000  0.00000000e+000  0.00000000e+000  0.00000000e+000  0.00000000e+000    0    0
1862   -1  0.00000000e+000  0.00000000e+000  0.00000000e+000  0.00000000e+000  0.00000000e+000  0.00000000e+000    0    0
1863   -1  0.00000000e+000  0.00000000e+000  0.00000000e+000  0.00000000e+000  0.00000000e+000  0.00000000e+000    0    0
1864   -1  0.00000000e+000  0.00000000e+000  0.00000000e+000  0.00000000e+000  0.00000000e+000  0.00000000e+000    0    0
1865   -1  0.00000000e+000  0.00000000e+000  0.00000000e+000  0.00000000e+000  0.00000000e+000  0.00000000e+000    0    0
1866   -1  0.00000000e+000  0.00000000e+000  0.00000000e+000  0.00000000e+000  0.00000000e+000  0.00000000e+000    0    0
1867   -1  0.00000000e+000  0.00000000e+000  0.00000000e+000  0.00000000e+000  0.00000000e+000  0.00000000e+000    0    0
1870    5  2.00000000e+000  3.00000000e+000  4.88095791e+000  -6.00000000e+000  5.00000000e+000  -5.33714604e+000    0    0
1871    4  2.00000000e+000  4.00000000e+000  4.70136769e+000  -7.00000000e+000  4.88095791e+000  -6.00000000e+000    0    0
1872    4  2.00000000e+000  4.00000000e+000  4.67446679e+000  -8.00000000e+000  4.70136769e+000  -7.00000000e+000    0    0
1873    4  2.00000000e+000  4.00000000e+000  4.70440280e+000  -9.00000000e+000  4.67446679e+000  -8.00000000e+000    0    0
1874    4  2.00000000e+000  4.00000000e+000  4.73433881e+000  -1.00000000e+001  4.70440280e+000  -9.00000000e+000    0    0
1875    4  2.00000000e+000  4.00000000e+000  4.86132293e+000  -1.10000000e+001  4.73433881e+000  -1.00000000e+001    0    0
1876    5  3.00000000e+000  4.00000000e+000  5.00000000e+000  -1.13121890e+001  4.86132293e+000  -1.10000000e+001    0    0
1877   -1  0.00000000e+000  0.00000000e+000  0.00000000e+000  0.00000000e+000  0.00000000e+000  0.00000000e+000    0    0
1878   -1  0.00000000e+000  0.00000000e+000  0.00000000e+000  0.00000000e+000  0.00000000e+000  0.00000000e+000    0    0
1879   -1  0.00000000e+000  0.00000000e+000  0.00000000e+000  0.00000000e+000  0.00000000e+000  0.00000000e+000    0    0
1880   -1  0.00000000e+000  0.00000000e+000  0.00000000e+000  0.00000000e+000  0.00000000e+000  0.00000000e+000    0    0
1881   -1  0.00000000e+000  0.00000000e+000  0.00000000e+000  0.00000000e+000  0.00000000e+000  0.00000000e+000    0    0
1885   -1  0.00000000e+000  0.00000000e+000  0.00000000e+000  0.00000000e+000  0.00000000e+000  0.00000000e+000    1   10
1886   -1  0.00000000e+000  0.00000000e+000  0.00000000e+000  0.00000000e+000  0.00000000e+000  0.00000000e+000    1   10
1887   -1  0.00000000e+000  0.00000000e+000  0.00000000e+000  0.00000000e+000  0.00000000e+000  0.00000000e+000    1   10
1888   -1  0.00000000e+000  0.00000000e+000  0.00000000e+000  0.00000000e+000  0.00000000e+000  0.00000000e+000    0    0
1890   -1  0.00000000e+000  0.00000000e+000  0.00000000e+000  0.00000000e+000  0.00000000e+000  0.00000000e+000    0    0
1891   -1  0.00000000e+000  0.00000000e+000  0.00000000e+000  0.00000000e+000  0.00000000e+000  0.00000000e+000    0    0
1895   -1  0.00000000e+000  0.00000000e+000  0.00000000e+000  0.00000000e+000  0.00000000e+000  0.00000000e+000    1   10
1896   40  2.00000000e+000  4.00000000e+000  2.31499175e+001  -8.00000000e+000  2.36765696e+001  -9.00000000e+000    1   10
1897    5  3.00000000e+000  4.00000000e+000  2.30000000e+001  -7.71533870e+000  2.31499175e+001  -8.00000000e+000    1   10
1898   -1  0.00000000e+000  0.00000000e+000  0.00000000e+000  0.00000000e+000  0.00000000e+000  0.00000000e+000    0    0
1899   -1  0.00000000e+000  0.00000000e+000  0.00000000e+000  0.00000000e+000  0.00000000e+000  0.00000000e+000    0    0
1905   -1  0.00000000e+000  0.00000000e+000  0.00000000e+000  0.00000000e+000  0.00000000e+000  0.00000000e+000    1   10
1906   -1  0.00000000e+000  0.00000000e+000  0.00000000e+000  0.00000000e+000  0.00000000e+000  0.00000000e+000    1   10
1907    5  1.00000000e+000  2.00000000e+000  2.30000000e+001  -7.71533870e+000  2.26232653e+001  -7.00000000e+000    1   10
1908    4  2.00000000e+000  4.00000000e+000  2.20966132e+001  -6.00000000e+000  2.26232653e+001  -7.00000000e+000    0    0
1909    5  3.00000000e+000  4.00000000e+000  2.20000000e+001  -5.46006749e+000  2.20966132e+001  -6.00000000e+000    0    0
1916   -1  0.00000000e+000  0.00000000e+000  0.00000000e+000  0.00000000e+000  0.00000000e+000  0.00000000e+000    0    0
1917   -1  0.00000000e+000  0.00000000e+000  0.00000000e+000  0.00000000e+000  0.00000000e+000  0.00000000e+000    0    0
1918   -1  0.00000000e+000  0.00000000e+000  0.00000000e+000  0.00000000e+000  0.00000000e+000  0.00000000e+000    0    0
1919    5  1.00000000e+000  2.00000000e+000  2.20000000e+001  -5.46006749e+000  2.19263142e+001  -5.00000000e+000    0    0
1928   -1  0.00000000e+000  0.00000000e+000  0.00000000e+000  0.00000000e+000  0.00000000e+000  0.00000000e+000    0    0
1929   -1  0.00000000e+000  0.00000000e+000  0.00000000e+000  0.00000000e+000  0.00000000e+000  0.00000000e+000    0    0
1982   -1  0.00000000e+000  0.00000000e+000  0.00000000e+000  0.00000000e+000  0.00000000e+000  0.00000000e+000    0    0
1983   -1  0.00000000e+000  0.00000000e+000  0.00000000e+000  0.00000000e+000  0.00000000e+000  0.00000000e+000    0    0
1984    5  2.00000000e+000  3.00000000e+000  2.45664011e+001  0.00000000e+000  2.40000000e+001  -5.33703373e-001    0    0
1985   -1  0.00000000e+000  0.00000000e+000  0.00000000e+000  0.00000000e+000  0.00000000e+000  0.00000000e+000    0    0
1986   -1  0.00000000e+000  0.00000000e+000  0.00000000e+000  0.00000000e+000  0.00000000e+000  0.00000000e+000    0    0
1987   -1  0.00000000e+000  0.00000000e+000  0.00000000e+000  0.00000000e+000  0.00000000e+000  0.00000000e+000    0    0
1988    5  2.00000000e+000  3.00000000e+000  2.35051354e+001  -1.00000000e+000  2.30000000e+001  -1.47597451e+000    0    0
1989    5  1.00000000e+000  4.00000000e+000  2.40000000e+001  -5.33703373e-001  2.35051354e+001  -1.00000000e+000    0    0
1990    5  2.00000000e+000  3.00000000e+000  2.20792781e+001  -4.00000000e+000  2.20000000e+001  -4.51827974e+000    0    0
1991    4  2.00000000e+000  4.00000000e+000  2.22322419e+001  -3.00000000e+000  2.20792781e+001  -4.00000000e+000    0    0
1992    4  2.00000000e+000  4.00000000e+000  2.24996431e+001  -2.00000000e+000  2.22322419e+001  -3.00000000e+000    0    0
1993    5  1.00000000e+000  4.00000000e+000  2.30000000e+001  -1.47597451e+000  2.24996431e+001  -2.00000000e+000    0    0
1994   -1  0.00000000e+000  0.00000000e+000  0.00000000e+000  0.00000000e+000  0.00000000e+000  0.00000000e+000    0    0
1995    5  1.00000000e+000  4.00000000e+000  2.20000000e+001  -4.51827974e+000  2.19263142e+001  -5.00000000e+000    0    0
1996   -1  0.00000000e+000  0.00000000e+000  0.00000000e+000  0.00000000e+000  0.00000000e+000  0.00000000e+000    0    0
1997   -1  0.00000000e+000  0.00000000e+000  0.00000000e+000  0.00000000e+000  0.00000000e+000  0.00000000e+000    0    0
1998   -1  0.00000000e+000  0.00000000e+000  0.00000000e+000  0.00000000e+000  0.00000000e+000  0.00000000e+000    0    0
1999   -1  0.00000000e+000  0.00000000e+000  0.00000000e+000  0.00000000e+000  0.00000000e+000  0.00000000e+000    0    0
2000   -1  0.00000000e+000  0.00000000e+000  0.00000000e+000  0.00000000e+000  0.00000000e+000  0.00000000e+000    0    0
2001   -1  0.00000000e+000  0.00000000e+000  0.00000000e+000  0.00000000e+000  0.00000000e+000  0.00000000e+000    0    0
2033   -1  0.00000000e+000  0.00000000e+000  0.00000000e+000  0.00000000e+000  0.00000000e+000  0.00000000e+000    0    0
2034   -1  0.00000000e+000  0.00000000e+000  0.00000000e+000  0.00000000e+000  0.00000000e+000  0.00000000e+000    0    0
2035    5  1.00000000e+000  2.00000000e+000  2.45664011e+001  0.00000000e+000  2.50000000e+001  4.33422698e-001    0    0
2040   -1  0.00000000e+000  0.00000000e+000  0.00000000e+000  0.00000000e+000  0.00000000e+000  0.00000000e+000    0    0
2041   -1  0.00000000e+000  0.00000000e+000  0.00000000e+000  0.00000000e+000  0.00000000e+000  0.00000000e+000    0    0
2047   -1  0.00000000e+000  0.00000000e+000  0.00000000e+000  0.00000000e+000  0.00000000e+000  0.00000000e+000    0    0
2264   -1  0.00000000e+000  0.00000000e+000  0.00000000e+000  0.00000000e+000  0.00000000e+000  0.00000000e+000    0    0
2265   -1  0.00000000e+000  0.00000000e+000  0.00000000e+000  0.00000000e+000  0.00000000e+000  0.00000000e+000    0    0
2266    4  1.00000000e+000  3.00000000e+000  0.00000000e+000  1.36044849e+001  1.00000000e+000  1.43647178e+001    0    0
2267   -1  0.00000000e+000  0.00000000e+000  0.00000000e+000  0.00000000e+000  0.00000000e+000  0.00000000e+000    0    0
2268   -1  0.00000000e+000  0.00000000e+000  0.00000000e+000  0.00000000e+000  0.00000000e+000  0.00000000e+000    0    0
2273   -1  0.00000000e+000  0.00000000e+000  0.00000000e+000  0.00000000e+000  0.00000000e+000  0.00000000e+000    0    0
2274    5  2.00000000e+000  3.00000000e+000  1.12672733e+000  1.44444447e+001  2.00000000e+000  1.49482196e+001    0    0
2275    5  1.00000000e+000  4.00000000e+000  1.00000000e+000  1.43647178e+001  1.12672733e+000  1.44444447e+001    0    0
2276   -1  0.00000000e+000  0.00000000e+000  0.00000000e+000  0.00000000e+000  0.00000000e+000  0.00000000e+000    0    0
2281   -1  0.00000000e+000  0.00000000e+000  0.00000000e+000  0.00000000e+000  0.00000000e+000  0.00000000e+000    0    0
2282   -1  0.00000000e+000  0.00000000e+000  0.00000000e+000  0.00000000e+000  0.00000000e+000  0.00000000e+000    0    0
2283    4  1.00000000e+000  3.00000000e+000  2.00000000e+000  1.49482196e+001  3.00000000e+000  1.55198663e+001    0    0
2284   -1  0.00000000e+000  0.00000000e+000  0.00000000e+000  0.00000000e+000  0.00000000e+000  0.00000000e+000    0    0
2285   -1  0.00000000e+000  0.00000000e+000  0.00000000e+000  0.00000000e+000  0.00000000e+000  0.00000000e+000    0    0
2289   -1  0.00000000e+000  0.00000000e+000  0.00000000e+000  0.00000000e+000  0.00000000e+000  0.00000000e+000    0    0
2290   -1  0.00000000e+000  0.00000000e+000  0.00000000e+000  0.00000000e+000  0.00000000e+000  0.00000000e+000    0    0
2291    5  2.00000000e+000  3.00000000e+000  3.06243194e+000  1.55555553e+001  4.00000000e+000  1.61083133e+001    0    0
2292    5  1.00000000e+000  4.00000000e+000  3.00000000e+000  1.55198663e+001  3.06243194e+000  1.55555553e+001    0    0
2293   -1  0.00000000e+000  0.00000000e+000  0.00000000e+000  0.00000000e+000  0.00000000e+000  0.00000000e+000    0    0
2298   -1  0.00000000e+000  0.00000000e+000  0.00000000e+000  0.00000000e+000  0.00000000e+000  0.00000000e+000    0    0
2299    5  2.00000000e+000  3.00000000e+000  4.76351971e+000  1.66666660e+001  5.00000000e+000  1.68513852e+001    0    0
2300    5  1.00000000e+000  4.00000000e+000  4.00000000e+000  1.61083133e+001  4.76351971e+000  1.66666660e+001    0    0
2301   -1  0.00000000e+000  0.00000000e+000  0.00000000e+000  0.00000000e+000  0.00000000e+000  0.00000000e+000    0    0
2302   -1  0.00000000e+000  0.00000000e+000  0.00000000e+000  0.00000000e+000  0.00000000e+000  0.00000000e+000    0    0
2356    5  1.00000000e+000  4.00000000e+000  5.00000000e+000  -5.33714604e+000  5.06054813e+000  -5.00000000e+000    0    0
2357   -1  0.00000000e+000  0.00000000e+000  0.00000000e+000  0.00000000e+000  0.00000000e+000  0.00000000e+000    0    0
2358   -1  0.00000000e+000  0.00000000e+000  0.00000000e+000  0.00000000e+000  0.00000000e+000  0.00000000e+000    0    0
2359   -1  0.00000000e+000  0.00000000e+000  0.00000000e+000  0.00000000e+000  0.00000000e+000  0.00000000e+000    0    0
2360   -1  0.00000000e+000  0.00000000e+000  0.00000000e+000  0.00000000e+000  0.00000000e+000  0.00000000e+000    0    0
2361   -1  0.00000000e+000  0.00000000e+000  0.00000000e+000  0.00000000e+000  0.00000000e+000  0.00000000e+000    0    0
2362    5  1.00000000e+000  2.00000000e+000  5.00000000e+000  -1.13121890e+001  5.30761064e+000  -1.20000000e+001    0    0
2363    4  2.00000000e+000  4.00000000e+000  5.75484198e+000  -1.30000000e+001  5.30761064e+000  -1.20000000e+001    0    0
2364    5  3.00000000e+000  4.00000000e+000  6.00000000e+000  -1.35481683e+001  5.75484198e+000  -1.30000000e+001    0    0
2365   -1  0.00000000e+000  0.00000000e+000  0.00000000e+000  0.00000000e+000  0.00000000e+000  0.00000000e+000    0    0
2366   -1  0.00000000e+000  0.00000000e+000  0.00000000e+000  0.00000000e+000  0.00000000e+000  0.00000000e+000    0    0
2367   -1  0.00000000e+000  0.00000000e+000  0.00000000e+000  0.00000000e+000  0.00000000e+000  0.00000000e+000    0    0
2371   -1  0.00000000e+000  0.00000000e+000  0.00000000e+000  0.00000000e+000  0.00000000e+000  0.00000000e+000    0    0
2372   -1  0.00000000e+000  0.00000000e+000  0.00000000e+000  0.00000000e+000  0.00000000e+000  0.00000000e+000    0    0
2373   -1  0.00000000e+000  0.00000000e+000  0.00000000e+000  0.00000000e+000  0.00000000e+000  0.00000000e+000    0    0
2374    5  1.00000000e+000  2.00000000e+000  6.00000000e+000  -1.35481683e+001  6.51099451e+000  -1.40000000e+001    0    0
2375    5  3.00000000e+000  4.00000000e+000  7.00000000e+000  -1.41827550e+001  6.51099451e+000  -1.40000000e+001    0    0
2383   -1  0.00000000e+000  0.00000000e+000  0.00000000e+000  0.00000000e+000  0.00000000e+000  0.00000000e+000    0    0
2384   -1  0.00000000e+000  0.00000000e+000  0.00000000e+000  0.00000000e+000  0.00000000e+000  0.00000000e+000    0    0
2385    4  1.00000000e+000  3.00000000e+000  7.00000000e+000  -1.41827550e+001  8.00000000e+000  -1.44507042e+001    0    0
2394   -1  0.00000000e+000  0.00000000e+000  0.00000000e+000  0.00000000e+000  0.00000000e+000  0.00000000e+000    0    0
2395    4  1.00000000e+000  3.00000000e+000  8.00000000e+000  -1.44507042e+001  9.00000000e+000  -1.47186533e+001    0    0
2404   -1  0.00000000e+000  0.00000000e+000  0.00000000e+000  0.00000000e+000  0.00000000e+000  0.00000000e+000    0    0
2405    4  1.00000000e+000  3.00000000e+000  9.00000000e+000  -1.47186533e+001  1.00000000e+001  -1.49866025e+001    0    0
2414   -1  0.00000000e+000  0.00000000e+000  0.00000000e+000  0.00000000e+000  0.00000000e+000  0.00000000e+000    0    0
2415   -1  0.00000000e+000  0.00000000e+000  0.00000000e+000  0.00000000e+000  0.00000000e+000  0.00000000e+000    0    0
2424   -1  0.00000000e+000  0.00000000e+000  0.00000000e+000  0.00000000e+000  0.00000000e+000  0.00000000e+000    0    0
2425   -1  0.00000000e+000  0.00000000e+000  0.00000000e+000  0.00000000e+000  0.00000000e+000  0.00000000e+000    0    0
2456   -1  0.00000000e+000  0.00000000e+000  0.00000000e+000  0.00000000e+000  0.00000000e+000  0.00000000e+000    0    0
2457   -1  0.00000000e+000  0.00000000e+000  0.00000000e+000  0.00000000e+000  0.00000000e+000  0.00000000e+000    0    0
2458   -1  0.00000000e+000  0.00000000e+000  0.00000000e+000  0.00000000e+000  0.00000000e+000  0.00000000e+000    7    6
2459   -1  0.00000000e+000  0.00000000e+000  0.00000000e+000  0.00000000e+000  0.00000000e+000  0.00000000e+000    7    6
2460   -1  0.00000000e+000  0.00000000e+000  0.00000000e+000  0.00000000e+000  0.00000000e+000  0.00000000e+000    7    6
2461   -1  0.00000000e+000  0.00000000e+000  0.00000000e+000  0.00000000e+000  0.00000000e+000  0.00000000e+000    0    0
2466   -1  0.00000000e+000  0.00000000e+000  0.00000000e+000  0.00000000e+000  0.00000000e+000  0.00000000e+000    0    0
2475   -1  0.00000000e+000  0.00000000e+000  0.00000000e+000  0.00000000e+000  0.00000000e+000  0.00000000e+000    0    0
2476   -1  0.00000000e+000  0.00000000e+000  0.00000000e+000  0.00000000e+000  0.00000000e+000  0.00000000e+000    6    6
2477   -1  0.00000000e+000  0.00000000e+000  0.00000000e+000  0.00000000e+000  0.00000000e+000  0.00000000e+000    6    6
2478   -1  0.00000000e+000  0.00000000e+000  0.00000000e+000  0.00000000e+000  0.00000000e+000  0.00000000e+000    0    0
2479   -1  0.00000000e+000  0.00000000e+000  0.00000000e+000  0.00000000e+000  0.00000000e+000  0.00000000e+000    0    0
2480   -1  0.00000000e+000  0.00000000e+000  0.00000000e+000  0.00000000e+000  0.00000000e+000  0.00000000e+000    0    0
2487   -1  0.00000000e+000  0.00000000e+000  0.00000000e+000  0.00000000e+000  0.00000000e+000  0.00000000e+000    0    0
2488   -1  0.00000000e+000  0.00000000e+000  0.00000000e+000  0.00000000e+000  0.00000000e+000  0.00000000e+000    0    0
2489    4  1.00000000e+000  3.00000000e+000  0.00000000e+000  2.71994262e-001  1.00000000e+000  9.90686470e-001    0    0
2495   -1  0.00000000e+000  0.00000000e+000  0.00000000e+000  0.00000000e+000  0.00000000e+000  0.00000000e+000    0    0
2496   -1  0.00000000e+000  0.00000000e+000  0.00000000e+000  0.00000000e+000  0.00000000e+000  0.00000000e+000    0    0
2497    5  2.00000000e+000  3.00000000e+000  1.16756087e+000  1.11111116e+000  2.00000000e+000  1.70937868e+000    0    0
2498    5  1.00000000e+000  4.00000000e+000  1.00000000e+000  9.90686470e-001  1.16756087e+000  1.11111116e+000    0    0
2503   -1  0.00000000e+000  0.00000000e+000  0.00000000e+000  0.00000000e+000  0.00000000e+000  0.00000000e+000    0    0
2504   -1  0.00000000e+000  0.00000000e+000  0.00000000e+000  0.00000000e+000  0.00000000e+000  0.00000000e+000    0    0
2505    5  2.00000000e+000  3.00000000e+000  2.66835806e+000  2.22222233e+000  3.00000000e+000  2.50454882e+000    0    0
2506    5  1.00000000e+000  4.00000000e+000  2.00000000e+000  1.70937868e+000  2.66835806e+000  2.22222233e+000    0    0
2507   -1  0.00000000e+000  0.00000000e+000  0.00000000e+000  0.00000000e+000  0.00000000e+000  0.00000000e+000    0    0
2512   -1  0.00000000e+000  0.00000000e+000  0.00000000e+000  0.00000000e+000  0.00000000e+000  0.00000000e+000    0    0
2513    5  2.00000000e+000  3.00000000e+000  3.89027114e+000  3.33333325e+000  4.00000000e+000  3.43548367e+000    0    0
2514    5  1.00000000e+000  4.00000000e+000  3.00000000e+000  2.50454882e+000  3.89027114e+000  3.33333325e+000    0    0
2515   -1  0.00000000e+000  0.00000000e+000  0.00000000e+000  0.00000000e+000  0.00000000e+000  0.00000000e+000    0    0
2516   -1  0.00000000e+000  0.00000000e+000  0.00000000e+000  0.00000000e+000  0.00000000e+000  0.00000000e+000    0    0
2519   -1  0.00000000e+000  0.00000000e+000  0.00000000e+000  0.00000000e+000  0.00000000e+000  0.00000000e+000    0    0
2520   -1  0.00000000e+000  0.00000000e+000  0.00000000e+000  0.00000000e+000  0.00000000e+000  0.00000000e+000    0    0
2521   -1  0.00000000e+000  0.00000000e+000  0.00000000e+000  0.00000000e+000  0.00000000e+000  0.00000000e+000    0    0
2522    4  1.00000000e+000  3.00000000e+000  4.00000000e+000  3.43548367e+000  5.00000000e+000  4.36641851e+000    0    0
2523   -1  0.00000000e+000  0.00000000e+000  0.00000000e+000  0.00000000e+000  0.00000000e+000  0.00000000e+000    0    0
2524   -1  0.00000000e+000  0.00000000e+000  0.00000000e+000  0.00000000e+000  0.00000000e+000  0.00000000e+000    0    0
2525   -1  0.00000000e+000  0.00000000e+000  0.00000000e+000  0.00000000e+000  0.00000000e+000  0.00000000e+000    6    6
2659   -1  0.00000000e+000  0.00000000e+000  0.00000000e+000  0.00000000e+000  0.00000000e+000  0.00000000e+000    0    0
2660    5  2.00000000e+000  3.00000000e+000  -3.97164359e+001  1.00000000e+001  -3.90000000e+001  1.01263270e+001    0    0
2669   -1  0.00000000e+000  0.00000000e+000  0.00000000e+000  0.00000000e+000  0.00000000e+000  0.00000000e+000    0    0
2670    4  1.00000000e+000  3.00000000e+000  -3.90000000e+001  1.01263270e+001  -3.80000000e+001  1.03026540e+001    0    0
2679   -1  0.00000000e+000  0.00000000e+000  0.00000000e+000  0.00000000e+000  0.00000000e+000  0.00000000e+000    0    0
2680    4  1.00000000e+000  3.00000000e+000  -3.80000000e+001  1.03026540e+001  -3.70000000e+001  1.04789809e+001    0    0
2688   -1  0.00000000e+000  0.00000000e+000  0.00000000e+000  0.00000000e+000  0.00000000e+000  0.00000000e+000    0    0
2689   -1  0.00000000e+000  0.00000000e+000  0.00000000e+000  0.00000000e+000  0.00000000e+000  0.00000000e+000    0    0
2690    4  1.00000000e+000  3.00000000e+000  -3.70000000e+001  1.04789809e+001  -3.60000000e+001  1.07435660e+001    0    0
2697   -1  0.00000000e+000  0.00000000e+000  0.00000000e+000  0.00000000e+000  0.00000000e+000  0.00000000e+000    0    0
2698   -1  0.00000000e+000  0.00000000e+000  0.00000000e+000  0.00000000e+000  0.00000000e+000  0.00000000e+000    0    0
2699    5  2.00000000e+000  3.00000000e+000  -3.56685444e+001  1.10000000e+001  -3.50000000e+001  1.16057896e+001    0    0
2700    5  1.00000000e+000  4.00000000e+000  -3.60000000e+001  1.07435660e+001  -3.56685444e+001  1.10000000e+001    0    0
2706   -1  0.00000000e+000  0.00000000e+000  0.00000000e+000  0.00000000e+000  0.00000000e+000  0.00000000e+000    0    0
2707   -1  0.00000000e+000  0.00000000e+000  0.00000000e+000  0.00000000e+000  0.00000000e+000  0.00000000e+000    0    0
2708    5  2.00000000e+000  3.00000000e+000  -3.45649526e+001  1.20000000e+001  -3.40000000e+001  1.25119217e+001    0    0
2709    5  1.00000000e+000  4.00000000e+000  -3.50000000e+001  1.16057896e+001  -3.45649526e+001  1.20000000e+001    0    0
2710   -1  0.00000000e+000  0.00000000e+000  0.00000000e+000  0.00000000e+000  0.00000000e+000  0.00000000e+000    0    0
2714   -1  0.00000000e+000  0.00000000e+000  0.00000000e+000  0.00000000e+000  0.00000000e+000  0.00000000e+000    0    0
2715   -1  0.00000000e+000  0.00000000e+000  0.00000000e+000  0.00000000e+000  0.00000000e+000  0.00000000e+000    0    0
2716   -1  0.00000000e+000  0.00000000e+000  0.00000000e+000  0.00000000e+000  0.00000000e+000  0.00000000e+000    0    0
2717    5  2.00000000e+000  3.00000000e+000  -3.35091054e+001  1.30000000e+001  -3.30000000e+001  1.36389314e+001    0    0
2718    5  1.00000000e+000  4.00000000e+000  -3.40000000e+001  1.25119217e+001  -3.35091054e+001  1.30000000e+001    0    0
2719   -1  0.00000000e+000  0.00000000e+000  0.00000000e+000  0.00000000e+000  0.00000000e+000  0.00000000e+000    0    0
2720   -1  0.00000000e+000  0.00000000e+000  0.00000000e+000  0.00000000e+000  0.00000000e+000  0.00000000e+000    0    0
2723   -1  0.00000000e+000  0.00000000e+000  0.00000000e+000  0.00000000e+000  0.00000000e+000  0.00000000e+000    0    0
2724   -1  0.00000000e+000  0.00000000e+000  0.00000000e+000  0.00000000e+000  0.00000000e+000  0.00000000e+000    0    0
2725    5  2.00000000e+000  3.00000000e+000  -3.20129594e+001  1.50000000e+001  -3.20000000e+001  1.50178702e+001    0    0
2726    4  2.00000000e+000  4.00000000e+000  -3.27381547e+001  1.40000000e+001  -3.20129594e+001  1.50000000e+001    0    0
2727    5  1.00000000e+000  4.00000000e+000  -3.30000000e+001  1.36389314e+001  -3.27381547e+001  1.40000000e+001    0    0
2728   -1  0.00000000e+000  0.00000000e+000  0.00000000e+000  0.00000000e+000  0.00000000e+000  0.00000000e+000    0    0
2729   -1  0.00000000e+000  0.00000000e+000  0.00000000e+000  0.00000000e+000  0.00000000e+000  0.00000000e+000    0    0
2731   -1  0.00000000e+000  0.00000000e+000  0.00000000e+000  0.00000000e+000  0.00000000e+000  0.00000000e+000    0    0
2732   -1  0.00000000e+000  0.00000000e+000  0.00000000e+000  0.00000000e+000  0.00000000e+000  0.00000000e+000    0    0
2733   -1  0.00000000e+000  0.00000000e+000  0.00000000e+000  0.00000000e+000  0.00000000e+000  0.00000000e+000    0    0
2734    5  2.00000000e+000  3.00000000e+000  -3.13137810e+001  1.60000000e+001  -3.10000000e+001  1.65087687e+001    0    0
2735    5  1.00000000e+000  4.00000000e+000  -3.20000000e+001  1.50178702e+001  -3.13137810e+001  1.60000000e+001    0    0
2736   -1  0.00000000e+000  0.00000000e+000  0.00000000e+000  0.00000000e+000  0.00000000e+000  0.00000000e+000    0    0
2737   -1  0.00000000e+000  0.00000000e+000  0.00000000e+000  0.00000000e+000  0.00000000e+000  0.00000000e+000    0    0
2738   -1  0.00000000e+000  0.00000000e+000  0.00000000e+000  0.00000000e+000  0.00000000e+000  0.00000000e+000    0    0
2741   -1  0.00000000e+000  0.00000000e+000  0.00000000e+000  0.00000000e+000  0.00000000e+000  0.00000000e+000    0    0
2742    5  2.00000000e+000  3.00000000e+000  -3.00964498e+001  1.80000000e+001  -3.00000000e+001  1.81591820e+001    0    0
2743    4  2.00000000e+000  4.00000000e+000  -3.07023586e+001  1.70000000e+001  -3.00964498e+001  1.80000000e+001    0    0
2744    5  1.00000000e+000  4.00000000e+000  -3.10000000e+001  1.65087687e+001  -3.07023586e+001  1.70000000e+001    0    0
2745   -1  0.00000000e+000  0.00000000e+000  0.00000000e+000  0.00000000e+000  0.00000000e+000  0.00000000e+000    0    0
2746   -1  0.00000000e+000  0.00000000e+000  0.00000000e+000  0.00000000e+000  0.00000000e+000  0.00000000e+000    0    0
2751    4  2.00000000e+000  4.00000000e+000  -2.95267224e+001  1.90000000e+001  -2.91109249e+001  2.00000000e+001    0    0
2752    5  1.00000000e+000  4.00000000e+000  -3.00000000e+001  1.81591820e+001  -2.95267224e+001  1.90000000e+001    0    0
2753   -1  0.00000000e+000  0.00000000e+000  0.00000000e+000  0.00000000e+000  0.00000000e+000  0.00000000e+000    0    0
2754   -1  0.00000000e+000  0.00000000e+000  0.00000000e+000  0.00000000e+000  0.00000000e+000  0.00000000e+000    0    0
2755   -1  0.00000000e+000  0.00000000e+000  0.00000000e+000  0.00000000e+000  0.00000000e+000  0.00000000e+000    0    0
2761   -1  0.00000000e+000  0.00000000e+000  0.00000000e+000  0.00000000e+000  0.00000000e+000  0.00000000e+000    0    0
2762   -1  0.00000000e+000  0.00000000e+000  0.00000000e+000  0.00000000e+000  0.00000000e+000  0.00000000e+000    0    0
2763   -1  0.00000000e+000  0.00000000e+000  0.00000000e+000  0.00000000e+000  0.00000000e+000  0.00000000e+000    0    0
2771   -1  0.00000000e+000  0.00000000e+000  0.00000000e+000  0.00000000e+000  0.00000000e+000  0.00000000e+000    0    0
2830   -1  0.00000000e+000  0.00000000e+000  0.00000000e+000  0.00000000e+000  0.00000000e+000  0.00000000e+000    0    0
2840   -1  0.00000000e+000  0.00000000e+000  0.00000000e+000  0.00000000e+000  0.00000000e+000  0.00000000e+000    0    0
2850   -1  0.00000000e+000  0.00000000e+000  0.00000000e+000  0.00000000e+000  0.00000000e+000  0.00000000e+000    0    0
2851    5  2.00000000e+000  3.00000000e+000  -1.99041232e+001  -1.60000000e+001  -1.90000000e+001  -1.52413506e+001    0    0
2852    5  1.00000000e+000  4.00000000e+000  -2.00000000e+001  -1.60804502e+001  -1.99041232e+001  -1.60000000e+001    0    0
2853   -1  0.00000000e+000  0.00000000e+000  0.00000000e+000  0.00000000e+000  0.00000000e+000  0.00000000e+000    0    0
2861    5  1.00000000e+000  4.00000000e+000  -1.90000000e+001  -1.52413506e+001  -1.87123696e+001  -1.50000000e+001    0    0
2862   -1  0.00000000e+000  0.00000000e+000  0.00000000e+000  0.00000000e+000  0.00000000e+000  0.00000000e+000    0    0
2863   -1  0.00000000e+000  0.00000000e+000  0.00000000e+000  0.00000000e+000  0.00000000e+000  0.00000000e+000    0    0
2871   -1  0.00000000e+000  0.00000000e+000  0.00000000e+000  0.00000000e+000  0.00000000e+000  0.00000000e+000    0    0
2872   -1  0.00000000e+000  0.00000000e+000  0.00000000e+000  0.00000000e+000  0.00000000e+000  0.00000000e+000    0    0
2881   -1  0.00000000e+000  0.00000000e+000  0.00000000e+000  0.00000000e+000  0.00000000e+000  0.00000000e+000    0    0
2959   -1  0.00000000e+000  0.00000000e+000  0.00000000e+000  0.00000000e+000  0.00000000e+000  0.00000000e+000    0    0
2960   -1  0.00000000e+000  0.00000000e+000  0.00000000e+000  0.00000000e+000  0.00000000e+000  0.00000000e+000    0    0
3136   -1  0.00000000e+000  0.00000000e+000  0.00000000e+000  0.00000000e+000  0.00000000e+000  0.00000000e+000    0    0
3141   -1  0.00000000e+000  0.00000000e+000  0.00000000e+000  0.00000000e+000  0.00000000e+000  0.00000000e+000    0    0
3142   -1  0.00000000e+000  0.00000000e+000  0.00000000e+000  0.00000000e+000  0.00000000e+000  0.00000000e+000    0    0
3146   -1  0.00000000e+000  0.00000000e+000  0.00000000e+000  0.00000000e+000  0.00000000e+000  0.00000000e+000    0    0
3147   -1  0.00000000e+000  0.00000000e+000  0.00000000e+000  0.00000000e+000  0.00000000e+000  0.00000000e+000    0    0
3158   -1  0.00000000e+000  0.00000000e+000  0.00000000e+000  0.00000000e+000  0.00000000e+000  0.00000000e+000    0    0
3159   -1  0.00000000e+000  0.00000000e+000  0.00000000e+000  0.00000000e+000  0.00000000e+000  0.00000000e+000    0    0
3160    4  1.00000000e+000  3.00000000e+000  -2.00000000e+001  9.56651743e+000  -2.10000000e+001  9.13303487e+000    0    0
3167   -1  0.00000000e+000  0.00000000e+000  0.00000000e+000  0.00000000e+000  0.00000000e+000  0.00000000e+000    0    0
3168   -1  0.00000000e+000  0.00000000e+000  0.00000000e+000  0.00000000e+000  0.00000000e+000  0.00000000e+000    0    0
3169    5  2.00000000e+000  3.00000000e+000  -2.13068979e+001  9.00000000e+000  -2.20000000e+001  8.68468011e+000    0    0
3170    5  1.00000000e+000  4.00000000e+000  -2.10000000e+001  9.13303487e+000  -2.13068979e+001  9.00000000e+000    0    0
3177   -1  0.00000000e+000  0.00000000e+000  0.00000000e+000  0.00000000e+000  0.00000000e+000  0.00000000e+000    0    0
3178    5  2.00000000e+000  3.00000000e+000  -2.29173552e+001  8.00000000e+000  -2.30000000e+001  7.92883921e+000    0    0
3179    5  1.00000000e+000  4.00000000e+000  -2.20000000e+001  8.68468011e+000  -2.29173552e+001  8.00000000e+000    0    0
3180   -1  0.00000000e+000  0.00000000e+000  0.00000000e+000  0.00000000e+000  0.00000000e+000  0.00000000e+000    0    0
3186   -1  0.00000000e+000  0.00000000e+000  0.00000000e+000  0.00000000e+000  0.00000000e+000  0.00000000e+000    0    0
3187   -1  0.00000000e+000  0.00000000e+000  0.00000000e+000  0.00000000e+000  0.00000000e+000  0.00000000e+000    0    0
3188    4  1.00000000e+000  3.00000000e+000  -2.30000000e+001  7.92883921e+000  -2.40000000e+001  7.06779530e+000    0    0
3189   -1  0.00000000e+000  0.00000000e+000  0.00000000e+000  0.00000000e+000  0.00000000e+000  0.00000000e+000    0    0
3190   -1  0.00000000e+000  0.00000000e+000  0.00000000e+000  0.00000000e+000  0.00000000e+000  0.00000000e+000    0    0
3195   -1  0.00000000e+000  0.00000000e+000  0.00000000e+000  0.00000000e+000  0.00000000e+000  0.00000000e+000    0    0
3196   -1  0.00000000e+000  0.00000000e+000  0.00000000e+000  0.00000000e+000  0.00000000e+000  0.00000000e+000    0    0
3197    5  2.00000000e+000  3.00000000e+000  -2.40787362e+001  7.00000000e+000  -2.50000000e+001  6.29404742e+000    0    0
3198    5  1.00000000e+000  4.00000000e+000  -2.40000000e+001  7.06779530e+000  -2.40787362e+001  7.00000000e+000    0    0
3199   -1  0.00000000e+000  0.00000000e+000  0.00000000e+000  0.00000000e+000  0.00000000e+000  0.00000000e+000    0    0
3205   -1  0.00000000e+000  0.00000000e+000  0.00000000e+000  0.00000000e+000  0.00000000e+000  0.00000000e+000    0    0
3206    5  2.00000000e+000  3.00000000e+000  -2.56742221e+001  6.00000000e+000  -2.60000000e+001  5.86969988e+000    0    0
3207    5  1.00000000e+000  4.00000000e+000  -2.50000000e+001  6.29404742e+000  -2.56742221e+001  6.00000000e+000    0    0
3208   -1  0.00000000e+000  0.00000000e+000  0.00000000e+000  0.00000000e+000  0.00000000e+000  0.00000000e+000    0    0
3209   -1  0.00000000e+000  0.00000000e+000  0.00000000e+000  0.00000000e+000  0.00000000e+000  0.00000000e+000    0    0
3215   -1  0.00000000e+000  0.00000000e+000  0.00000000e+000  0.00000000e+000  0.00000000e+000  0.00000000e+000    0    0
3216    4  1.00000000e+000  3.00000000e+000  -2.60000000e+001  5.86969988e+000  -2.70000000e+001  5.46973374e+000    0    0
3217   -1  0.00000000e+000  0.00000000e+000  0.00000000e+000  0.00000000e+000  0.00000000e+000  0.00000000e+000    0    0
3218   -1  0.00000000e+000  0.00000000e+000  0.00000000e+000  0.00000000e+000  0.00000000e+000  0.00000000e+000    0    0
3224   -1  0.00000000e+000  0.00000000e+000  0.00000000e+000  0.00000000e+000  0.00000000e+000  0.00000000e+000    0    0
3225   -1  0.00000000e+000  0.00000000e+000  0.00000000e+000  0.00000000e+000  0.00000000e+000  0.00000000e+000    0    0
3226    4  1.00000000e+000  3.00000000e+000  -2.70000000e+001  5.46973374e+000  -2.80000000e+001  5.06976760e+000    0    0
3227   -1  0.00000000e+000  0.00000000e+000  0.00000000e+000  0.00000000e+000  0.00000000e+000  0.00000000e+000    0    0
3234   -1  0.00000000e+000  0.00000000e+000  0.00000000e+000  0.00000000e+000  0.00000000e+000  0.00000000e+000    0    0
3235    5  2.00000000e+000  3.00000000e+000  -2.83186317e+001  5.00000000e+000  -2.90000000e+001  4.85908811e+000    0    0
3236    5  1.00000000e+000  4.00000000e+000  -2.80000000e+001  5.06976760e+000  -2.83186317e+001  5.00000000e+000    0    0
3237   -1  0.00000000e+000  0.00000000e+000  0.00000000e+000  0.00000000e+000  0.00000000e+000  0.00000000e+000    0    0
3244   -1  0.00000000e+000  0.00000000e+000  0.00000000e+000  0.00000000e+000  0.00000000e+000  0.00000000e+000    0    0
3245    4  1.00000000e+000  3.00000000e+000  -2.90000000e+001  4.85908811e+000  -3.00000000e+001  4.67258433e+000    0    0
3246   -1  0.00000000e+000  0.00000000e+000  0.00000000e+000  0.00000000e+000  0.00000000e+000  0.00000000e+000    0    0
3247   -1  0.00000000e+000  0.00000000e+000  0.00000000e+000  0.00000000e+000  0.00000000e+000  0.00000000e+000    0    0
3254   -1  0.00000000e+000  0.00000000e+000  0.00000000e+000  0.00000000e+000  0.00000000e+000  0.00000000e+000    9    6
3255    4  1.00000000e+000  3.00000000e+000  -3.00000000e+001  4.67258433e+000  -3.10000000e+001  4.48608054e+000    9    6
3256   -1  0.00000000e+000  0.00000000e+000  0.00000000e+000  0.00000000e+000  0.00000000e+000  0.00000000e+000    9    6
3264   -1  0.00000000e+000  0.00000000e+000  0.00000000e+000  0.00000000e+000  0.00000000e+000  0.00000000e+000    9    6
3265   40  1.00000000e+000  3.00000000e+000  -3.10000000e+001  4.48608054e+000  -3.20000000e+001  4.29957676e+000    9    6
3266   -1  0.00000000e+000  0.00000000e+000  0.00000000e+000  0.00000000e+000  0.00000000e+000  0.00000000e+000    9    6
3274   -1  0.00000000e+000  0.00000000e+000  0.00000000e+000  0.00000000e+000  0.00000000e+000  0.00000000e+000    9    6
3275   -1  0.00000000e+000  0.00000000e+000  0.00000000e+000  0.00000000e+000  0.00000000e+000  0.00000000e+000    9    6
3276   -1  0.00000000e+000  0.00000000e+000  0.00000000e+000  0.00000000e+000  0.00000000e+000  0.00000000e+000    9    6
3300   -1  0.00000000e+000  0.00000000e+000  0.00000000e+000  0.00000000e+000  0.00000000e+000  0.00000000e+000    0    0
3310   -1  0.00000000e+000  0.00000000e+000  0.00000000e+000  0.00000000e+000  0.00000000e+000  0.00000000e+000    0    0
3320   -1  0.00000000e+000  0.00000000e+000  0.00000000e+000  0.00000000e+000  0.00000000e+000  0.00000000e+000    0    0
3330   -1  0.00000000e+000  0.00000000e+000  0.00000000e+000  0.00000000e+000  0.00000000e+000  0.00000000e+000    0    0
3339   -1  0.00000000e+000  0.00000000e+000  0.00000000e+000  0.00000000e+000  0.00000000e+000  0.00000000e+000    0    0
3340   -1  0.00000000e+000  0.00000000e+000  0.00000000e+000  0.00000000e+000  0.00000000e+000  0.00000000e+000    0    0
3349   -1  0.00000000e+000  0.00000000e+000  0.00000000e+000  0.00000000e+000  0.00000000e+000  0.00000000e+000    0    0
3350   -1  0.00000000e+000  0.00000000e+000  0.00000000e+000  0.00000000e+000  0.00000000e+000  0.00000000e+000    0    0
3500   -1  0.00000000e+000  0.00000000e+000  0.00000000e+000  0.00000000e+000  0.00000000e+000  0.00000000e+000    0    0
3504   -1  0.00000000e+000  0.00000000e+000  0.00000000e+000  0.00000000e+000  0.00000000e+000  0.00000000e+000    1    1
3505   -1  0.00000000e+000  0.00000000e+000  0.00000000e+000  0.00000000e+000  0.00000000e+000  0.00000000e+000    1    1
3506   -1  0.00000000e+000  0.00000000e+000  0.00000000e+000  0.00000000e+000  0.00000000e+000  0.00000000e+000    1    1
3507   -1  0.00000000e+000  0.00000000e+000  0.00000000e+000  0.00000000e+000  0.00000000e+000  0.00000000e+000    0    0
3508   -1  0.00000000e+000  0.00000000e+000  0.00000000e+000  0.00000000e+000  0.00000000e+000  0.00000000e+000    0    0
3509   -1  0.00000000e+000  0.00000000e+000  0.00000000e+000  0.00000000e+000  0.00000000e+000  0.00000000e+000    0    0
3510   -1  0.00000000e+000  0.00000000e+000  0.00000000e+000  0.00000000e+000  0.00000000e+000  0.00000000e+000    0    0
3514   -1  0.00000000e+000  0.00000000e+000  0.00000000e+000  0.00000000e+000  0.00000000e+000  0.00000000e+000    1    1
3515   50  1.00000000e+000  2.00000000e+000  4.11301804e+001  1.52492351e+001  4.12493416e+001  1.50000000e+001    1    1
3516    4  2.00000000e+000  4.00000000e+000  4.17274493e+001  1.40000000e+001  4.12493416e+001  1.50000000e+001    1    1
3517    5  3.00000000e+000  4.00000000e+000  4.21383171e+001  1.31406374e+001  4.17274493e+001  1.40000000e+001    0    0
3518   -1  0.00000000e+000  0.00000000e+000  0.00000000e+000  0.00000000e+000  0.00000000e+000  0.00000000e+000    0    0
3519    5  2.00000000e+000  3.00000000e+000  4.19869889e+001  1.10000000e+001  4.21383171e+001  1.12036430e+001    0    0
3520    4  2.00000000e+000  4.00000000e+000  4.12438834e+001  1.00000000e+001  4.19869889e+001  1.10000000e+001    0    0
3524   -1  0.00000000e+000  0.00000000e+000  0.00000000e+000  0.00000000e+000  0.00000000e+000  0.00000000e+000    1    1
3525   -1  0.00000000e+000  0.00000000e+000  0.00000000e+000  0.00000000e+000  0.00000000e+000  0.00000000e+000    1    1
3526   -1  0.00000000e+000  0.00000000e+000  0.00000000e+000  0.00000000e+000  0.00000000e+000  0.00000000e+000    1    1
3527    5  1.00000000e+000  2.00000000e+000  4.21383171e+001  1.31406374e+001  4.22055569e+001  1.30000000e+001    0    0
3528    4  2.00000000e+000  4.00000000e+000  4.26581192e+001  1.20000000e+001  4.22055569e+001  1.30000000e+001    0    0
3529    5  1.00000000e+000  4.00000000e+000  4.21383171e+001  1.12036430e+001  4.26581192e+001  1.20000000e+001    0    0
3530   -1  0.00000000e+000  0.00000000e+000  0.00000000e+000  0.00000000e+000  0.00000000e+000  0.00000000e+000    0    0
3536   -1  0.00000000e+000  0.00000000e+000  0.00000000e+000  0.00000000e+000  0.00000000e+000  0.00000000e+000    0    0
3537   -1  0.00000000e+000  0.00000000e+000  0.00000000e+000  0.00000000e+000  0.00000000e+000  0.00000000e+000    0    0
3538   -1  0.00000000e+000  0.00000000e+000  0.00000000e+000  0.00000000e+000  0.00000000e+000  0.00000000e+000    0    0
3539   -1  0.00000000e+000  0.00000000e+000  0.00000000e+000  0.00000000e+000  0.00000000e+000  0.00000000e+000    0    0
3540   -1  0.00000000e+000  0.00000000e+000  0.00000000e+000  0.00000000e+000  0.00000000e+000  0.00000000e+000    0    0
3607   -1  0.00000000e+000  0.00000000e+000  0.00000000e+000  0.00000000e+000  0.00000000e+000  0.00000000e+000    0    0
3608   -1  0.00000000e+000  0.00000000e+000  0.00000000e+000  0.00000000e+000  0.00000000e+000  0.00000000e+000    0    0
3609    5  2.00000000e+000  3.00000000e+000  2.55245175e+001  1.00000000e+000  2.60081367e+001  1.53379712e+000    0    0
3610    5  1.00000000e+000  4.00000000e+000  2.50000000e+001  4.33422698e-001  2.55245175e+001  1.00000000e+000    0    0
3616   -1  0.00000000e+000  0.00000000e+000  0.00000000e+000  0.00000000e+000  0.00000000e+000  0.00000000e+000    0    0
3617   -1  0.00000000e+000  0.00000000e+000  0.00000000e+000  0.00000000e+000  0.00000000e+000  0.00000000e+000    0    0
3618    5  2.00000000e+000  3.00000000e+000  2.64305156e+001  2.00000000e+000  2.70162735e+001  2.64653325e+000    0    0
3619    5  1.00000000e+000  4.00000000e+000  2.60081367e+001  1.53379712e+000  2.64305156e+001  2.00000000e+000    0    0
3620   -1  0.00000000e+000  0.00000000e+000  0.00000000e+000  0.00000000e+000  0.00000000e+000  0.00000000e+000    0    0
3626   -1  0.00000000e+000  0.00000000e+000  0.00000000e+000  0.00000000e+000  0.00000000e+000  0.00000000e+000    0    0
3627    5  2.00000000e+000  3.00000000e+000  2.76740001e+001  3.00000000e+000  2.80244083e+001  3.13089584e+000    0    0
3628    5  1.00000000e+000  4.00000000e+000  2.70162735e+001  2.64653325e+000  2.76740001e+001  3.00000000e+000    0    0
3629   -1  0.00000000e+000  0.00000000e+000  0.00000000e+000  0.00000000e+000  0.00000000e+000  0.00000000e+000    0    0
3630   -1  0.00000000e+000  0.00000000e+000  0.00000000e+000  0.00000000e+000  0.00000000e+000  0.00000000e+000    0    0
3636   -1  0.00000000e+000  0.00000000e+000  0.00000000e+000  0.00000000e+000  0.00000000e+000  0.00000000e+000    0    0
3637    4  1.00000000e+000  3.00000000e+000  2.80244083e+001  3.13089584e+000  2.90325451e+001  3.40102528e+000    0    0
3638   -1  0.00000000e+000  0.00000000e+000  0.00000000e+000  0.00000000e+000  0.00000000e+000  0.00000000e+000    0    0
3639   -1  0.00000000e+000  0.00000000e+000  0.00000000e+000  0.00000000e+000  0.00000000e+000  0.00000000e+000    0    0
3646   -1  0.00000000e+000  0.00000000e+000  0.00000000e+000  0.00000000e+000  0.00000000e+000  0.00000000e+000    0    0
3647    4  1.00000000e+000  3.00000000e+000  2.90325451e+001  3.40102528e+000  3.00406818e+001  3.67115469e+000    0    0
3648   -1  0.00000000e+000  0.00000000e+000  0.00000000e+000  0.00000000e+000  0.00000000e+000  0.00000000e+000    0    0
3649   -1  0.00000000e+000  0.00000000e+000  0.00000000e+000  0.00000000e+000  0.00000000e+000  0.00000000e+000    5    6
3650   -1  0.00000000e+000  0.00000000e+000  0.00000000e+000  0.00000000e+000  0.00000000e+000  0.00000000e+000    5    6
3655   -1  0.00000000e+000  0.00000000e+000  0.00000000e+000  0.00000000e+000  0.00000000e+000  0.00000000e+000    0    0
3656   -1  0.00000000e+000  0.00000000e+000  0.00000000e+000  0.00000000e+000  0.00000000e+000  0.00000000e+000    0    0
3657    4  1.00000000e+000  3.00000000e+000  3.00406818e+001  3.67115469e+000  3.10488186e+001  3.94128413e+000    0    0
3658   -1  0.00000000e+000  0.00000000e+000  0.00000000e+000  0.00000000e+000  0.00000000e+000  0.00000000e+000    0    0
3659   -1  0.00000000e+000  0.00000000e+000  0.00000000e+000  0.00000000e+000  0.00000000e+000  0.00000000e+000    5    6
3660   40  2.00000000e+000  4.00000000e+000  3.00694754e+001  0.00000000e+000  3.00860691e+001  1.00000000e+000    5    6
3665   -1  0.00000000e+000  0.00000000e+000  0.00000000e+000  0.00000000e+000  0.00000000e+000  0.00000000e+000    0    0
3666    5  2.00000000e+000  3.00000000e+000  3.12679492e+001  4.00000000e+000  3.20569534e+001  4.21141304e+000    0    0
3667    5  1.00000000e+000  4.00000000e+000  3.10488186e+001  3.94128413e+000  3.12679492e+001  4.00000000e+000    0    0
3668   -1  0.00000000e+000  0.00000000e+000  0.00000000e+000  0.00000000e+000  0.00000000e+000  0.00000000e+000    0    0
3669   -1  0.00000000e+000  0.00000000e+000  0.00000000e+000  0.00000000e+000  0.00000000e+000  0.00000000e+000    5    6
3670   -1  0.00000000e+000  0.00000000e+000  0.00000000e+000  0.00000000e+000  0.00000000e+000  0.00000000e+000    5    6
3675   -1  0.00000000e+000  0.00000000e+000  0.00000000e+000  0.00000000e+000  0.00000000e+000  0.00000000e+000    0    0
3676    4  1.00000000e+000  3.00000000e+000  3.20569534e+001  4.21141304e+000  3.30650902e+001  4.48154248e+000    0    0
3677   -1  0.00000000e+000  0.00000000e+000  0.00000000e+000  0.00000000e+000  0.00000000e+000  0.00000000e+000    0    0
3678   -1  0.00000000e+000  0.00000000e+000  0.00000000e+000  0.00000000e+000  0.00000000e+000  0.00000000e+000    0    0
3684   -1  0.00000000e+000  0.00000000e+000  0.00000000e+000  0.00000000e+000  0.00000000e+000  0.00000000e+000    0    0
3685   -1  0.00000000e+000  0.00000000e+000  0.00000000e+000  0.00000000e+000  0.00000000e+000  0.00000000e+000    0    0
3686    4  1.00000000e+000  3.00000000e+000  3.30650902e+001  4.48154248e+000  3.40732269e+001  4.75167190e+000    0    0
3687   -1  0.00000000e+000  0.00000000e+000  0.00000000e+000  0.00000000e+000  0.00000000e+000  0.00000000e+000    0    0
3694   -1  0.00000000e+000  0.00000000e+000  0.00000000e+000  0.00000000e+000  0.00000000e+000  0.00000000e+000    0    0
3695    5  2.00000000e+000  3.00000000e+000  3.48994869e+001  5.00000000e+000  3.50813637e+001  5.06939582e+000    0    0
3696    5  1.00000000e+000  4.00000000e+000  3.40732269e+001  4.75167190e+000  3.48994869e+001  5.00000000e+000    0    0
3697   -1  0.00000000e+000  0.00000000e+000  0.00000000e+000  0.00000000e+000  0.00000000e+000  0.00000000e+000    0    0
3703   -1  0.00000000e+000  0.00000000e+000  0.00000000e+000  0.00000000e+000  0.00000000e+000  0.00000000e+000    0    0
3704   -1  0.00000000e+000  0.00000000e+000  0.00000000e+000  0.00000000e+000  0.00000000e+000  0.00000000e+000    0    0
3705    4  1.00000000e+000  3.00000000e+000  3.50813637e+001  5.06939582e+000  3.60895004e+001  5.92924448e+000    0    0
3706   -1  0.00000000e+000  0.00000000e+000  0.00000000e+000  0.00000000e+000  0.00000000e+000  0.00000000e+000    0    0
3707   -1  0.00000000e+000  0.00000000e+000  0.00000000e+000  0.00000000e+000  0.00000000e+000  0.00000000e+000    0    0
3712   -1  0.00000000e+000  0.00000000e+000  0.00000000e+000  0.00000000e+000  0.00000000e+000  0.00000000e+000    0    0
3713   -1  0.00000000e+000  0.00000000e+000  0.00000000e+000  0.00000000e+000  0.00000000e+000  0.00000000e+000    0    0
3714    5  2.00000000e+000  3.00000000e+000  3.61724583e+001  6.00000000e+000  3.70976372e+001  6.78909323e+000    0    0
3715    5  1.00000000e+000  4.00000000e+000  3.60895004e+001  5.92924448e+000  3.61724583e+001  6.00000000e+000    0    0
3716   -1  0.00000000e+000  0.00000000e+000  0.00000000e+000  0.00000000e+000  0.00000000e+000  0.00000000e+000    0    0
3721   -1  0.00000000e+000  0.00000000e+000  0.00000000e+000  0.00000000e+000  0.00000000e+000  0.00000000e+000    0    0
3722   -1  0.00000000e+000  0.00000000e+000  0.00000000e+000  0.00000000e+000  0.00000000e+000  0.00000000e+000    0    0
3723    5  2.00000000e+000  3.00000000e+000  3.73555495e+001  7.00000000e+000  3.81057701e+001  7.55355318e+000    0    0
3724    5  1.00000000e+000  4.00000000e+000  3.70976372e+001  6.78909323e+000  3.73555495e+001  7.00000000e+000    0    0
3725   -1  0.00000000e+000  0.00000000e+000  0.00000000e+000  0.00000000e+000  0.00000000e+000  0.00000000e+000    0    0
3726   -1  0.00000000e+000  0.00000000e+000  0.00000000e+000  0.00000000e+000  0.00000000e+000  0.00000000e+000    0    0
3731   -1  0.00000000e+000  0.00000000e+000  0.00000000e+000  0.00000000e+000  0.00000000e+000  0.00000000e+000    0    0
3732    5  2.00000000e+000  3.00000000e+000  3.88060803e+001  8.00000000e+000  3.91139069e+001  8.19623908e+000    0    0
3733    5  1.00000000e+000  4.00000000e+000  3.81057701e+001  7.55355318e+000  3.88060803e+001  8.00000000e+000    0    0
3734   -1  0.00000000e+000  0.00000000e+000  0.00000000e+000  0.00000000e+000  0.00000000e+000  0.00000000e+000    0    0
3735   -1  0.00000000e+000  0.00000000e+000  0.00000000e+000  0.00000000e+000  0.00000000e+000  0.00000000e+000    0    0
3741   -1  0.00000000e+000  0.00000000e+000  0.00000000e+000  0.00000000e+000  0.00000000e+000  0.00000000e+000    0    0
3742    4  1.00000000e+000  3.00000000e+000  3.91139069e+001  8.19623908e+000  4.01220436e+001  8.83892491e+000    0    0
3743   -1  0.00000000e+000  0.00000000e+000  0.00000000e+000  0.00000000e+000  0.00000000e+000  0.00000000e+000    0    0
3744   -1  0.00000000e+000  0.00000000e+000  0.00000000e+000  0.00000000e+000  0.00000000e+000  0.00000000e+000    0    0
3751    5  2.00000000e+000  3.00000000e+000  4.03356561e+001  9.00000000e+000  4.11301804e+001  9.84698949e+000    0    0
3752    5  1.00000000e+000  4.00000000e+000  4.01220436e+001  8.83892491e+000  4.03356561e+001  9.00000000e+000    0    0
3753   -1  0.00000000e+000  0.00000000e+000  0.00000000e+000  0.00000000e+000  0.00000000e+000  0.00000000e+000    0    0
3761    5  1.00000000e+000  4.00000000e+000  4.11301804e+001  9.84698949e+000  4.12438834e+001  1.00000000e+001    0    0
3762   -1  0.00000000e+000  0.00000000e+000  0.00000000e+000  0.00000000e+000  0.00000000e+000  0.00000000e+000    0    0
3763   -1  0.00000000e+000  0.00000000e+000  0.00000000e+000  0.00000000e+000  0.00000000e+000  0.00000000e+000    0    0
3771   -1  0.00000000e+000  0.00000000e+000  0.00000000e+000  0.00000000e+000  0.00000000e+000  0.00000000e+000    0    0
3772   -1  0.00000000e+000  0.00000000e+000  0.00000000e+000  0.00000000e+000  0.00000000e+000  0.00000000e+000    0    0
3851   -1  0.00000000e+000  0.00000000e+000  0.00000000e+000  0.00000000e+000  0.00000000e+000  0.00000000e+000    0    0
3852   -1  0.00000000e+000  0.00000000e+000  0.00000000e+000  0.00000000e+000  0.00000000e+000  0.00000000e+000    0    0
3856   -1  0.00000000e+000  0.00000000e+000  0.00000000e+000  0.00000000e+000  0.00000000e+000  0.00000000e+000    0    0
3866   -1  0.00000000e+000  0.00000000e+000  0.00000000e+000  0.00000000e+000  0.00000000e+000  0.00000000e+000    0    0
3867   -1  0.00000000e+000  0.00000000e+000  0.00000000e+000  0.00000000e+000  0.00000000e+000  0.00000000e+000    0    0
3868   -1  0.00000000e+000  0.00000000e+000  0.00000000e+000  0.00000000e+000  0.00000000e+000  0.00000000e+000    0    0
3869   -1  0.00000000e+000  0.00000000e+000  0.00000000e+000  0.00000000e+000  0.00000000e+000  0.00000000e+000    0    0
3870   -1  0.00000000e+000  0.00000000e+000  0.00000000e+000  0.00000000e+000  0.00000000e+000  0.00000000e+000    0    0
3871   -1  0.00000000e+000  0.00000000e+000  0.00000000e+000  0.00000000e+000  0.00000000e+000  0.00000000e+000    5    6
3872    5  2.00000000e+000  3.00000000e+000  3.00362878e+001  -2.00000000e+000  3.00406818e+001  -1.73520368e+000    0    0
3873    4  2.00000000e+000  4.00000000e+000  3.00150739e+001  -3.00000000e+000  3.00362878e+001  -2.00000000e+000    0    0
3874    4  2.00000000e+000  4.00000000e+000  2.99383316e+001  -4.00000000e+000  3.00150739e+001  -3.00000000e+000    0    0
3875    4  2.00000000e+000  4.00000000e+000  2.98615894e+001  -5.00000000e+000  2.99383316e+001  -4.00000000e+000    0    0
3876    4  2.00000000e+000  4.00000000e+000  3.00528816e+001  -1.00000000e+000  3.00694754e+001  0.00000000e+000    5    6
3877    5  1.00000000e+000  4.00000000e+000  3.00406818e+001  -1.73520368e+000  3.00528816e+001  -1.00000000e+000    0    0
3878   -1  0.00000000e+000  0.00000000e+000  0.00000000e+000  0.00000000e+000  0.00000000e+000  0.00000000e+000    0    0
3879   -1  0.00000000e+000  0.00000000e+000  0.00000000e+000  0.00000000e+000  0.00000000e+000  0.00000000e+000    0    0
3880   -1  0.00000000e+000  0.00000000e+000  0.00000000e+000  0.00000000e+000  0.00000000e+000  0.00000000e+000    0    0
3881   -1  0.00000000e+000  0.00000000e+000  0.00000000e+000  0.00000000e+000  0.00000000e+000  0.00000000e+000    5    6
3882   -1  0.00000000e+000  0.00000000e+000  0.00000000e+000  0.00000000e+000  0.00000000e+000  0.00000000e+000    0    0
3883   -1  0.00000000e+000  0.00000000e+000  0.00000000e+000  0.00000000e+000  0.00000000e+000  0.00000000e+000    0    0
3984   -1  0.00000000e+000  0.00000000e+000  0.00000000e+000  0.00000000e+000  0.00000000e+000  0.00000000e+000    0    0
3985    4  1.00000000e+000  3.00000000e+000  2.50000000e+001  -1.49766846e+001  2.60081367e+001  -1.45065828e+001    0    0
3993   -1  0.00000000e+000  0.00000000e+000  0.00000000e+000  0.00000000e+000  0.00000000e+000  0.00000000e+000    0    0
3994   -1  0.00000000e+000  0.00000000e+000  0.00000000e+000  0.00000000e+000  0.00000000e+000  0.00000000e+000    0    0
3995    4  1.00000000e+000  3.00000000e+000  2.60081367e+001  -1.45065828e+001  2.70162735e+001  -1.40364808e+001    0    0
4001   -1  0.00000000e+000  0.00000000e+000  0.00000000e+000  0.00000000e+000  0.00000000e+000  0.00000000e+000    0    0
4002   -1  0.00000000e+000  0.00000000e+000  0.00000000e+000  0.00000000e+000  0.00000000e+000  0.00000000e+000    0    0
4003   -1  0.00000000e+000  0.00000000e+000  0.00000000e+000  0.00000000e+000  0.00000000e+000  0.00000000e+000    0    0
4004    5  2.00000000e+000  3.00000000e+000  2.70945069e+001  -1.40000000e+001  2.80244083e+001  -1.35663799e+001    0    0
4005    5  1.00000000e+000  4.00000000e+000  2.70162735e+001  -1.40364808e+001  2.70945069e+001  -1.40000000e+001    0    0
4006   -1  0.00000000e+000  0.00000000e+000  0.00000000e+000  0.00000000e+000  0.00000000e+000  0.00000000e+000    0    0
4007   -1  0.00000000e+000  0.00000000e+000  0.00000000e+000  0.00000000e+000  0.00000000e+000  0.00000000e+000    0    0
4008   -1  0.00000000e+000  0.00000000e+000  0.00000000e+000  0.00000000e+000  0.00000000e+000  0.00000000e+000    0    0
4009   -1  0.00000000e+000  0.00000000e+000  0.00000000e+000  0.00000000e+000  0.00000000e+000  0.00000000e+000    0    0
4010   -1  0.00000000e+000  0.00000000e+000  0.00000000e+000  0.00000000e+000  0.00000000e+000  0.00000000e+000    0    0
4011   -1  0.00000000e+000  0.00000000e+000  0.00000000e+000  0.00000000e+000  0.00000000e+000  0.00000000e+000    0    0
4012    5  2.00000000e+000  3.00000000e+000  2.88419354e+001  -1.20000000e+001  2.90325451e+001  -1.10640996e+001    0    0
4013    4  2.00000000e+000  4.00000000e+000  2.85996174e+001  -1.30000000e+001  2.88419354e+001  -1.20000000e+001    0    0
4014    5  1.00000000e+000  4.00000000e+000  2.80244083e+001  -1.35663799e+001  2.85996174e+001  -1.30000000e+001    0    0
4015   -1  0.00000000e+000  0.00000000e+000  0.00000000e+000  0.00000000e+000  0.00000000e+000  0.00000000e+000    0    0
4016    4  2.00000000e+000  4.00000000e+000  2.97848471e+001  -6.00000000e+000  2.98615894e+001  -5.00000000e+000    0    0
4017    4  2.00000000e+000  4.00000000e+000  2.96719738e+001  -7.00000000e+000  2.97848471e+001  -6.00000000e+000    0    0
4018    4  2.00000000e+000  4.00000000e+000  2.95336873e+001  -8.00000000e+000  2.96719738e+001  -7.00000000e+000    0    0
4019    4  2.00000000e+000  4.00000000e+000  2.93954008e+001  -9.00000000e+000  2.95336873e+001  -8.00000000e+000    0    0
4020    4  2.00000000e+000  4.00000000e+000  2.92490874e+001  -1.00000000e+001  2.93954008e+001  -9.00000000e+000    0    0
4021    4  2.00000000e+000  4.00000000e+000  2.90455999e+001  -1.10000000e+001  2.92490874e+001  -1.00000000e+001    0    0
4022    5  1.00000000e+000  4.00000000e+000  2.90325451e+001  -1.10640996e+001  2.90455999e+001  -1.10000000e+001    0    0
4023   -1  0.00000000e+000  0.00000000e+000  0.00000000e+000  0.00000000e+000  0.00000000e+000  0.00000000e+000    0    0
4024   -1  0.00000000e+000  0.00000000e+000  0.00000000e+000  0.00000000e+000  0.00000000e+000  0.00000000e+000    0    0
4025   -1  0.00000000e+000  0.00000000e+000  0.00000000e+000  0.00000000e+000  0.00000000e+000  0.00000000e+000    0    0
4026   -1  0.00000000e+000  0.00000000e+000  0.00000000e+000  0.00000000e+000  0.00000000e+000  0.00000000e+000    0    0
4027   -1  0.00000000e+000  0.00000000e+000  0.00000000e+000  0.00000000e+000  0.00000000e+000  0.00000000e+000    0    0
4028   -1  0.00000000e+000  0.00000000e+000  0.00000000e+000  0.00000000e+000  0.00000000e+000  0.00000000e+000    0    0
4029   -1  0.00000000e+000  0.00000000e+000  0.00000000e+000  0.00000000e+000  0.00000000e+000  0.00000000e+000    0    0
4030   -1  0.00000000e+000  0.00000000e+000  0.00000000e+000  0.00000000e+000  0.00000000e+000  0.00000000e+000    0    0
4031   -1  0.00000000e+000  0.00000000e+000  0.00000000e+000  0.00000000e+000  0.00000000e+000  0.00000000e+000    0    0
4032   -1  0.00000000e+000  0.00000000e+000  0.00000000e+000  0.00000000e+000  0.00000000e+000  0.00000000e+000    0    0
4033   -1  0.00000000e+000  0.00000000e+000  0.00000000e+000  0.00000000e+000  0.00000000e+000  0.00000000e+000    0    0
4226   -1  0.00000000e+000  0.00000000e+000  0.00000000e+000  0.00000000e+000  0.00000000e+000  0.00000000e+000    0    0
4236   -1  0.00000000e+000  0.00000000e+000  0.00000000e+000  0.00000000e+000  0.00000000e+000  0.00000000e+000    0    0
4246   -1  0.00000000e+000  0.00000000e+000  0.00000000e+000  0.00000000e+000  0.00000000e+000  0.00000000e+000    0    0
4256   -1  0.00000000e+000  0.00000000e+000  0.00000000e+000  0.00000000e+000  0.00000000e+000  0.00000000e+000    0    0
4266   -1  0.00000000e+000  0.00000000e+000  0.00000000e+000  0.00000000e+000  0.00000000e+000  0.00000000e+000    0    0
4297   -1  0.00000000e+000  0.00000000e+000  0.00000000e+000  0.00000000e+000  0.00000000e+000  0.00000000e+000    0    0
4298   -1  0.00000000e+000  0.00000000e+000  0.00000000e+000  0.00000000e+000  0.00000000e+000  0.00000000e+000    0    0
4299   -1  0.00000000e+000  0.00000000e+000  0.00000000e+000  0.00000000e+000  0.00000000e+000  0.00000000e+000    0    0
4300   -1  0.00000000e+000  0.00000000e+000  0.00000000e+000  0.00000000e+000  0.00000000e+000  0.00000000e+000    0    0
