121,0,-0.130435,-0.5
122,0,-0.130435,-0.409964
123,0,-0.130435,-0.319755
124,0,-0.130435,-0.229373
125,0,-0.130435,-0.138818
126,0,-0.130435,-0.048088
127,0,-0.130435,0.0428172
128,0,-0.130435,0.133898
133,1,-0.0434783,-0.5
134,1,-0.0434783,-0.410051
135,1,-0.0434783,-0.319912
136,1,-0.0434783,-0.229583
137,1,-0.0434783,-0.139063
138,2,-0.0434783,-0.0483513
139,2,-0.0434783,0.0425535
140,0,-0.0434783,0.133652
145,1,0.0434782,-0.5
146,1,0.0434782,-0.410138
147,1,0.0434782,-0.320069
148,1,0.0434782,-0.229793
149,1,0.0434782,-0.139309
150,2,0.0434782,-0.0486146
151,2,0.0434782,0.0422898
152,0,0.0434782,0.133405
157,0,0.130435,-0.5
158,0,0.130435,-0.410225
159,0,0.130435,-0.320227
160,0,0.130435,-0.230003
161,0,0.130435,-0.139554
162,0,0.130435,-0.048878
163,0,0.130435,0.042026
164,0,0.130435,0.133159
