10
4.11921415e+001 1.51196386e+001
4.27018420e+001 1.19619806e+001
4.06142583e+001 9.15271116e+000
3.76629614e+001 7.27126321e+000
3.50000000e+001 5.00000000e+000
2.72725934e+001 2.92944764e+000
2.49226342e+001 3.35668198e-001
2.23753263e+001 -2.06458649e+000
2.18461084e+001 -5.52434492e+000
2.34770366e+001 -8.62112929e+000
10
-3.40614495e+001 -1.51649565e+001
-3.09503243e+001 -1.67683591e+001
-2.74565806e+001 -1.69775363e+001
-2.39993414e+001 -1.64321035e+001
-2.05000000e+001 -1.65000000e+001
-1.43716445e+001 -1.13576991e+001
-1.09024825e+001 -1.08941097e+001
-7.64342568e+000 -9.61796358e+000
-4.48932525e+000 -8.10084446e+000
-1.11839673e+000 -9.04256679e+000
6
-4.00000000e+001 -4.95000000e+000
-3.71715729e+001 -7.77842712e+000
-3.36726612e+001 -7.86570285e+000
-3.01766270e+001 -8.03227042e+000
-2.67089075e+001 -8.50652919e+000
-2.32176465e+001 -8.25935145e+000
6
-4.00000000e+001 9.95000000e+000
-3.60607690e+001 1.06445927e+001
-3.34671625e+001 1.29947428e+001
-3.14124133e+001 1.58281164e+001
-2.95986895e+001 1.88215101e+001
-2.82601920e+001 2.20554588e+001
6
2.49500000e+001 -1.50000000e+001
2.85752311e+001 -1.33095270e+001
2.92737179e+001 -9.87993277e+000
2.97531583e+001 -6.41292586e+000
3.00209687e+001 -2.92318696e+000
3.00790389e+001 5.76331270e-001
6
1.00500000e+001 -1.50000000e+001
6.18629669e+000 -1.39647238e+001
4.75738046e+000 -1.07696967e+001
4.65265134e+000 -7.27126392e+000
5.27131945e+000 -3.82637644e+000
5.92245717e+000 -3.87478407e-001
6
1.00000000e+001 1.00000000e+001
6.72339182e+000 7.70569425e+000
5.20142364e+000 4.55393080e+000
2.63966744e+000 2.16910268e+000
-2.02464200e-001 1.26484819e-001
-9.95675385e-001 -3.28244698e+000
6
-5.00000000e+000 1.00000000e+001
-1.72339182e+000 1.22943057e+001
1.06286320e+000 1.44125085e+001
4.10142870e+000 1.61494943e+001
6.85968968e+000 1.83040236e+001
8.36079635e+000 2.14657761e+001
6
-1.50000000e+001 1.00000000e+001
-1.90000000e+001 1.00000000e+001
-2.22112698e+001 8.60797052e+000
-2.48635488e+001 6.32424189e+000
-2.81132551e+001 5.02446938e+000
-3.15539270e+001 4.38277105e+000
