  1,   1,   2,  15,  14
  2,   2,   3,  16,  15
  3,   3,   4,  17,  16
  4,   4,   5,  18,  17
  5,   5,   6,  19,  18
  6,   6,   7,  20,  19
  7,   7,   8,  21,  20
  8,   8,   9,  22,  21
  9,   9,  10,  23,  22
 10,  10,  11,  24,  23
 11,  11,  12,  25,  24
 12,  12,  13,  26,  25
 13,  14,  15,  28,  27
 14,  15,  16,  29,  28
 15,  16,  17,  30,  29
 16,  17,  18,  31,  30
 17,  18,  19,  32,  31
 18,  19,  20,  33,  32
 19,  20,  21,  34,  33
 20,  21,  22,  35,  34
 21,  22,  23,  36,  35
 22,  23,  24,  37,  36
 23,  24,  25,  38,  37
 24,  25,  26,  39,  38
 25,  27,  28,  41,  40
 26,  28,  29,  42,  41
 27,  29,  30,  43,  42
 28,  30,  31,  44,  43
 29,  31,  32,  45,  44
 30,  32,  33,  46,  45
 31,  33,  34,  47,  46
 32,  34,  35,  48,  47
 33,  35,  36,  49,  48
 34,  36,  37,  50,  49
 35,  37,  38,  51,  50
 36,  38,  39,  52,  51
 37,  40,  41,  54,  53
 38,  41,  42,  55,  54
 39,  42,  43,  56,  55
 40,  43,  44,  57,  56
 41,  44,  45,  58,  57
 42,  45,  46,  59,  58
 43,  46,  47,  60,  59
 44,  47,  48,  61,  60
 45,  48,  49,  62,  61
 46,  49,  50,  63,  62
 47,  50,  51,  64,  63
 48,  51,  52,  65,  64
 49,  53,  54,  67,  66
 50,  54,  55,  68,  67
 51,  55,  56,  69,  68
 52,  56,  57,  70,  69
 53,  57,  58,  71,  70
 54,  58,  59,  72,  71
 55,  59,  60,  73,  72
 56,  60,  61,  74,  73
 57,  61,  62,  75,  74
 58,  62,  63,  76,  75
 59,  63,  64,  77,  76
 60,  64,  65,  78,  77
 61,  66,  67,  80,  79
 62,  67,  68,  81,  80
 63,  68,  69,  82,  81
 64,  69,  70,  83,  82
 65,  70,  71,  84,  83
 66,  71,  72,  85,  84
 67,  72,  73,  86,  85
 68,  73,  74,  87,  86
 69,  74,  75,  88,  87
 70,  75,  76,  89,  88
 71,  76,  77,  90,  89
 72,  77,  78,  91,  90
 73,  79,  80,  93,  92
 74,  80,  81,  94,  93
 75,  81,  82,  95,  94
 76,  82,  83,  96,  95
 77,  83,  84,  97,  96
 78,  84,  85,  98,  97
 79,  85,  86,  99,  98
 80,  86,  87, 100,  99
 81,  87,  88, 101, 100
 82,  88,  89, 102, 101
 83,  89,  90, 103, 102
 84,  90,  91, 104, 103
 85,  92,  93, 106, 105
 86,  93,  94, 107, 106
 87,  94,  95, 108, 107
 88,  95,  96, 109, 108
 89,  96,  97, 110, 109
 90,  97,  98, 111, 110
 91,  98,  99, 112, 111
 92,  99, 100, 113, 112
 93, 100, 101, 114, 113
 94, 101, 102, 115, 114
 95, 102, 103, 116, 115
 96, 103, 104, 117, 116
 97, 105, 106, 119, 118
 98, 106, 107, 120, 119
 99, 107, 108, 121, 120
100, 108, 109, 122, 121
101, 109, 110, 123, 122
102, 110, 111, 124, 123
103, 111, 112, 125, 124
104, 112, 113, 126, 125
105, 113, 114, 127, 126
106, 114, 115, 128, 127
107, 115, 116, 129, 128
108, 116, 117, 130, 129
109, 118, 119, 132, 131
110, 119, 120, 133, 132
111, 120, 121, 134, 133
112, 121, 122, 135, 134
113, 122, 123, 136, 135
114, 123, 124, 137, 136
115, 124, 125, 138, 137
116, 125, 126, 139, 138
117, 126, 127, 140, 139
118, 127, 128, 141, 140
119, 128, 129, 142, 141
120, 129, 130, 143, 142
121, 131, 132, 145, 144
122, 132, 133, 146, 145
123, 133, 134, 147, 146
124, 134, 135, 148, 147
125, 135, 136, 149, 148
126, 136, 137, 150, 149
127, 137, 138, 151, 150
128, 138, 139, 152, 151
129, 139, 140, 153, 152
130, 140, 141, 154, 153
131, 141, 142, 155, 154
132, 142, 143, 156, 155
133, 144, 145, 158, 157
134, 145, 146, 159, 158
135, 146, 147, 160, 159
136, 147, 148, 161, 160
137, 148, 149, 162, 161
138, 149, 150, 163, 162
139, 150, 151, 164, 163
140, 151, 152, 165, 164
141, 152, 153, 166, 165
142, 153, 154, 167, 166
143, 154, 155, 168, 167
144, 155, 156, 169, 168
145, 157, 158, 171, 170
146, 158, 159, 172, 171
147, 159, 160, 173, 172
148, 160, 161, 174, 173
149, 161, 162, 175, 174
150, 162, 163, 176, 175
151, 163, 164, 177, 176
152, 164, 165, 178, 177
153, 165, 166, 179, 178
154, 166, 167, 180, 179
155, 167, 168, 181, 180
156, 168, 169, 182, 181
157, 170, 171, 184, 183
158, 171, 172, 185, 184
159, 172, 173, 186, 185
160, 173, 174, 187, 186
161, 174, 175, 188, 187
162, 175, 176, 189, 188
163, 176, 177, 190, 189
164, 177, 178, 191, 190
165, 178, 179, 192, 191
166, 179, 180, 193, 192
167, 180, 181, 194, 193
168, 181, 182, 195, 194
169, 183, 184, 197, 196
170, 184, 185, 198, 197
171, 185, 186, 199, 198
172, 186, 187, 200, 199
173, 187, 188, 201, 200
174, 188, 189, 202, 201
175, 189, 190, 203, 202
176, 190, 191, 204, 203
177, 191, 192, 205, 204
178, 192, 193, 206, 205
179, 193, 194, 207, 206
180, 194, 195, 208, 207
181, 196, 197, 210, 209
182, 197, 198, 211, 210
183, 198, 199, 212, 211
184, 199, 200, 213, 212
185, 200, 201, 214, 213
186, 201, 202, 215, 214
187, 202, 203, 216, 215
188, 203, 204, 217, 216
189, 204, 205, 218, 217
190, 205, 206, 219, 218
191, 206, 207, 220, 219
192, 207, 208, 221, 220
193, 209, 210, 223, 222
194, 210, 211, 224, 223
195, 211, 212, 225, 224
196, 212, 213, 226, 225
197, 213, 214, 227, 226
198, 214, 215, 228, 227
199, 215, 216, 229, 228
200, 216, 217, 230, 229
201, 217, 218, 231, 230
202, 218, 219, 232, 231
203, 219, 220, 233, 232
204, 220, 221, 234, 233
205, 222, 223, 236, 235
206, 223, 224, 237, 236
207, 224, 225, 238, 237
208, 225, 226, 239, 238
209, 226, 227, 240, 239
210, 227, 228, 241, 240
211, 228, 229, 242, 241
212, 229, 230, 243, 242
213, 230, 231, 244, 243
214, 231, 232, 245, 244
215, 232, 233, 246, 245
216, 233, 234, 247, 246
217, 235, 236, 249, 248
218, 236, 237, 250, 249
219, 237, 238, 251, 250
220, 238, 239, 252, 251
221, 239, 240, 253, 252
222, 240, 241, 254, 253
223, 241, 242, 255, 254
224, 242, 243, 256, 255
225, 243, 244, 257, 256
226, 244, 245, 258, 257
227, 245, 246, 259, 258
228, 246, 247, 260, 259
229, 248, 249, 262, 261
230, 249, 250, 263, 262
231, 250, 251, 264, 263
232, 251, 252, 265, 264
233, 252, 253, 266, 265
234, 253, 254, 267, 266
235, 254, 255, 268, 267
236, 255, 256, 269, 268
237, 256, 257, 270, 269
238, 257, 258, 271, 270
239, 258, 259, 272, 271
240, 259, 260, 273, 272
241, 261, 262, 275, 274
242, 262, 263, 276, 275
243, 263, 264, 277, 276
244, 264, 265, 278, 277
245, 265, 266, 279, 278
246, 266, 267, 280, 279
247, 267, 268, 281, 280
248, 268, 269, 282, 281
249, 269, 270, 283, 282
250, 270, 271, 284, 283
251, 271, 272, 285, 284
252, 272, 273, 286, 285
253, 274, 275, 288, 287
254, 275, 276, 289, 288
255, 276, 277, 290, 289
256, 277, 278, 291, 290
257, 278, 279, 292, 291
258, 279, 280, 293, 292
259, 280, 281, 294, 293
260, 281, 282, 295, 294
261, 282, 283, 296, 295
262, 283, 284, 297, 296
263, 284, 285, 298, 297
264, 285, 286, 299, 298
265, 287, 288, 301, 300
266, 288, 289, 302, 301
267, 289, 290, 303, 302
268, 290, 291, 304, 303
269, 291, 292, 305, 304
270, 292, 293, 306, 305
271, 293, 294, 307, 306
272, 294, 295, 308, 307
273, 295, 296, 309, 308
274, 296, 297, 310, 309
275, 297, 298, 311, 310
276, 298, 299, 312, 311
277, 300, 301, 314, 313
278, 301, 302, 315, 314
279, 302, 303, 316, 315
280, 303, 304, 317, 316
281, 304, 305, 318, 317
282, 305, 306, 319, 318
283, 306, 307, 320, 319
284, 307, 308, 321, 320
285, 308, 309, 322, 321
286, 309, 310, 323, 322
287, 310, 311, 324, 323
288, 311, 312, 325, 324