 18,   29,   31,  35,  46,  71,  72,  82 
 87,   88,   89,  90,  91,  92,  93,  94 
 95,   96,   97,  98,  99, 122, 123, 173 
174,  178,  209, 243, 272, 279, 294, 295 
323,  344,  345, 351, 352, 355, 356, 384 
426,  427,  428, 429, 430, 432, 433, 446 
455,  456,  462, 463, 467, 491, 495, 496 
513,  515,  519, 537, 541, 542, 545, 546 
547,  551,  565, 566, 571, 572, 574, 592 
606,  607,  616, 638, 640, 642, 645, 646 
647,  648,  649, 650, 654, 675, 678, 679 
683,  684,  692, 693, 769, 772, 773, 833 
834,  843,  844, 856, 895, 898, 917, 918 
919,  923,  924, 940, 941, 942, 945, 974 
977,  1003,  1004, 1045, 1046, 1103, 1104, 1113 
1122,  1128,  1131, 1136, 1137, 1140, 1145, 1146 
1149,  1154,  1155, 1158, 1163, 1164, 1167, 1168 
1172,  1173,  1177, 1181, 1182, 1186, 1191, 1192 
1195,  1201,  1204, 1210, 1213, 1219, 1222, 1228 
1231,  1237,  1240, 1246, 1249, 1255, 1256, 1257 
1258,  1271,  1387, 1388, 1389, 1390, 1391, 1393 
1397,  1401,  1402, 1403, 1404, 1429, 1430, 1551 
1578,  1582,  1586, 1590, 1591, 1619, 1627, 1628 
1629,  1634,  1635, 1636, 1721, 1722, 1729, 1730 
1737,  1738,  1746, 1755, 1759, 1764, 1767, 1768 
1772,  1773,  1776, 1781, 1785, 1790, 1794, 1823 
1824,  1833,  1842, 1843, 1852, 1861, 1870, 1879 
1888,  1897,  1906, 1915, 1924, 1933, 1942, 1951 
1960,  2051,  2055, 2060, 2064, 2069, 2070, 2073 
2079,  2082,  2087, 2088, 2091, 2096, 2100, 2104 
2105,  2109,  2113, 2117, 2118, 2122, 2126, 2133 
2134,  2135,  2136, 2174, 2183, 2187, 2188, 2202 
2205,  2208,  2241, 2244, 2245, 2246, 2266, 2270 
2271,  2275,  2307, 2308, 2310, 2311, 2314, 2318 
2322,  2323,  2324, 2342, 2349, 2350, 2358, 2362 
2366,  2367,  2371, 2372, 2373, 2382, 2385, 2386 
2412,  2413,  2415, 2416, 2429, 2435, 2436, 2442 
2443,  2444,  2445, 2446, 2447, 2448, 2512, 2513 
2514,  2515,  2562, 2563, 2564, 2565, 2566, 2567 
2568,  2569,  2578, 2579, 2581, 2584, 2588, 2589 
2590,  2593,  2602, 2603, 2612, 2613, 2614, 2623 
2624,  2661,  2662, 2674, 2675, 2676, 2677, 2678 
2716,  2717,  2722, 2723, 2728, 2876, 2880, 2881 
2883,  2884,  2888, 2890, 2891, 2895, 2896, 2898 
2903,  2943,  2944, 2945, 2946, 2951, 2952, 2955 
2956,  2957,  2966, 2967, 2976, 2985, 2994, 3003 
3004,  3023,  3024, 3025, 3026, 3027, 3031, 3034 
3035,  3036,  3037, 3038, 3043, 3044, 3050, 3051 
3058,  3064,  3065, 3066, 3070, 3174, 3183, 3191 
3192,  3199,  3200, 3207, 3208, 3214, 3215, 3216 
3222,  3223,  3229, 3230, 3231, 3237, 3238, 3244 
3245,  3246,  3252, 3253, 3259, 3260, 3261, 3266 
3267,  3268,  3275, 3319, 3328, 3337, 3340, 3348 
3349,  3356,  3357, 3365, 3426, 3427, 3564, 3568 
3569,  3573,  3581, 3582, 3590, 3598, 3599, 3606 
3607,  3611,  3615, 3620, 3624, 3628, 3629, 3632 
3633,  3636,  3637, 3641, 3645, 3650, 3654, 3659 
3662,  3663,  3668, 3671, 3677, 3680, 3686, 3687 
3688,  3689,  3701, 3710, 3719, 3728, 3736, 3737 
3745,  3872,  3875, 3876, 3877, 3878, 3879, 3880 
3881,  3884,  3893, 3902, 3903, 3904, 3913, 3914 
3915,  3916,  3917, 3967, 3968, 3976, 3985, 3989 
3994,  3997,  3998, 4002, 4003, 4006, 4011, 4015 
4020,  4024,  4025, 4028, 4029, 4032, 4033, 4037 
4041,  4045,  4046, 4050, 4053, 4054, 4058, 4059 
4062,  4067,  4075, 4076, 4083, 4084, 4091, 4092 
4100,  4108,  4109, 4116, 4117, 4179, 4180, 4183 
4187,  4188,  4189, 4190, 4201, 4202, 4203, 4204 
4205,  4281,  4282, 4288, 4289, 4290, 4293, 4294 
4295,  4296,  4297, 4318, 4319, 4320, 4321, 4322 
4323,  4324,  4325, 4326, 4327, 4491, 4500, 4509 
4518,  4547,  4548, 4549, 4550, 