  1,    3,   12,  17,  30,  32,  40,  47 
 49,   52,   57,  70,  85,  86, 124, 125 
175,  176,  177, 208, 273, 274, 275, 276 
277,  278,  293, 341, 342, 343, 353, 354 
385,  386,  443, 444, 445, 454, 464, 465 
466,  492,  493, 494, 514, 516, 517, 518 
538,  539,  540, 548, 549, 550, 567, 568 
569,  570,  593, 612, 613, 614, 615, 628 
629,  630,  631, 632, 633, 634, 635, 636 
637,  641,  651, 652, 653, 676, 680, 681 
682,  690,  691, 764, 765, 766, 767, 768 
774,  775,  828, 829, 830, 831, 832, 845 
846,  896,  897, 920, 921, 922, 939, 975 
976,  1000,  1001, 1002, 1101, 1102, 1110, 1111 
1112,  1119,  1120, 1121, 1129, 1130, 1138, 1139 
1147,  1148,  1156, 1157, 1165, 1166, 1174, 1175 
1176,  1183,  1184, 1185, 1193, 1194, 1202, 1203 
1211,  1212,  1220, 1221, 1229, 1230, 1392, 1396 
1400,  1630,  1631, 1723, 1731, 1732, 1739, 1740 
1741,  1747,  1748, 1749, 1750, 1756, 1757, 1758 
1765,  1766,  1774, 1775, 1782, 1783, 1784, 1791 
1792,  1793,  1850, 1851, 1859, 1860, 1868, 1869 
1877,  1878,  1886, 1887, 1895, 1896, 1904, 1905 
1913,  1914,  1922, 1923, 1931, 1932, 1940, 1941 
1949,  1950,  1958, 1959, 2054, 2063, 2071, 2072 
2080,  2081,  2089, 2090, 2097, 2098, 2099, 2106 
2107,  2108,  2114, 2115, 2116, 2123, 2124, 2125 
2131,  2132,  2184, 2242, 2243, 2247, 2257, 2258 
2259,  2260,  2261, 2262, 2263, 2264, 2265, 2312 
2359,  2360,  2361, 2363, 2364, 2365, 2368, 2369 
2410,  2411,  2417, 2425, 2426, 2427, 2428, 2430 
2431,  2432,  2433, 2434, 2437, 2438, 2439, 2440 
2441,  2509,  2510, 2511, 2571, 2572, 2573, 2574 
2575,  2576,  2577, 2580, 2587, 2596, 2597, 2604 
2605,  2606,  2615, 2663, 2664, 2665, 2666, 2667 
2668,  2669,  2670, 2671, 2672, 2673, 2718, 2877 
2878,  2879,  2885, 2886, 2887, 2892, 2893, 2894 
2899,  2900,  2901, 2902, 2942, 2947, 2948, 2949 
2950,  2958,  2959, 2968, 2977, 2986, 2995, 3045 
3046,  3052,  3053, 3054, 3059, 3060, 3061, 3062 
3067,  3068,  3069, 3175, 3184, 3193, 3201, 3202 
3209,  3210,  3211, 3217, 3218, 3219, 3220, 3224 
3225,  3226,  3227, 3228, 3232, 3233, 3234, 3235 
3236,  3239,  3240, 3241, 3242, 3243, 3248, 3249 
3250,  3251,  3257, 3258, 3338, 3339, 3347, 3572 
3583,  3584,  3591, 3592, 3593, 3600, 3601, 3602 
3608,  3609,  3610, 3616, 3617, 3618, 3619, 3625 
3626,  3627,  3634, 3635, 3642, 3643, 3644, 3651 
3652,  3653,  3660, 3661, 3746, 3887, 3888, 3889 
3890,  3896,  3897, 3898, 3899, 3905, 3906, 3907 
3908,  3969,  3970, 3971, 3977, 3978, 3979, 3980 
3986,  3987,  3988, 3995, 3996, 4004, 4005, 4012 
4013,  4014,  4021, 4022, 4023, 4030, 4031, 4038 
4039,  4040,  4047, 4048, 4049, 4055, 4056, 4057 
4063,  4064,  4065, 4066, 4071, 4072, 4073, 4074 
4080,  4081,  4082, 4089, 4090, 4098, 4099, 4107 
4191,  4192,  4193, 4194, 4195, 4196, 4197, 4198 
4199,  4200,  4283, 4291, 4292, 4298, 4299, 4300 
4301,  4302,  4303, 4304, 4305, 4306, 4307, 4308 
4309,  4310,  4311, 4312, 4313, 4314, 4315, 4316 
4317,  