1,1,2,14,13
2,2,3,15,14
3,3,4,16,15
4,4,5,17,16
5,5,6,18,17
6,6,7,19,18
7,7,8,20,19
8,8,9,21,20
9,9,10,22,21
10,10,11,23,22
11,11,12,24,23
12,13,14,26,25
13,14,15,27,26
14,15,16,28,27
15,16,17,29,28
16,17,18,30,29
17,18,19,31,30
18,19,20,32,31
19,20,21,33,32
20,21,22,34,33
21,22,23,35,34
22,23,24,36,35
23,25,26,38,37
24,26,27,39,38
25,27,28,40,39
26,28,29,41,40
27,29,30,42,41
28,30,31,43,42
29,31,32,44,43
30,32,33,45,44
31,33,34,46,45
32,34,35,47,46
33,35,36,48,47
34,37,38,50,49
35,38,39,51,50
36,39,40,52,51
37,40,41,53,52
38,41,42,54,53
39,42,43,55,54
40,43,44,56,55
41,44,45,57,56
42,45,46,58,57
43,46,47,59,58
44,47,48,60,59
45,49,50,62,61
46,50,51,63,62
47,51,52,64,63
48,52,53,65,64
49,53,54,66,65
50,54,55,67,66
51,55,56,68,67
52,56,57,69,68
53,57,58,70,69
54,58,59,71,70
55,59,60,72,71
56,61,62,74,73
57,62,63,75,74
58,63,64,76,75
59,64,65,77,76
60,65,66,78,77
61,66,67,79,78
62,67,68,80,79
63,68,69,81,80
64,69,70,82,81
65,70,71,83,82
66,71,72,84,83
67,73,74,86,85
68,74,75,87,86
69,75,76,88,87
70,76,77,89,88
71,77,78,90,89
72,78,79,91,90
73,79,80,92,91
74,80,81,93,92
75,81,82,94,93
76,82,83,95,94
77,83,84,96,95
78,85,86,98,97
79,86,87,99,98
80,87,88,100,99
81,88,89,101,100
82,89,90,102,101
83,90,91,103,102
84,91,92,104,103
85,92,93,105,104
86,93,94,106,105
87,94,95,107,106
88,95,96,108,107
89,97,98,110,109
90,98,99,111,110
91,99,100,112,111
92,100,101,113,112
93,101,102,114,113
94,102,103,115,114
95,103,104,116,115
96,104,105,117,116
97,105,106,118,117
98,106,107,119,118
99,107,108,120,119
100,109,110,122,121
101,110,111,123,122
102,111,112,124,123
103,112,113,125,124
104,113,114,126,125
105,114,115,127,126
106,115,116,128,127
107,116,117,129,128
108,117,118,130,129
109,118,119,131,130
110,119,120,132,131
117,127,128,140,139
118,128,129,141,140
119,129,130,142,141
120,130,131,143,142
121,131,132,144,143
129,140,141,153,152
130,141,142,154,153
131,142,143,155,154
132,143,144,156,155
141,153,154,166,165
142,154,155,167,166
143,155,156,168,167
144,157,158,170,169
145,158,159,171,170
146,159,160,172,171
152,165,166,178,177
153,166,167,179,178
154,167,168,180,179
155,169,170,182,181
156,170,171,183,182
157,171,172,184,183
158,172,173,185,184
163,177,178,190,189
164,178,179,191,190
165,179,180,192,191
166,181,182,194,193
167,182,183,195,194
168,183,184,196,195
169,184,185,197,196
170,185,186,198,197
171,186,187,199,198
172,187,188,200,199
173,188,189,201,200
174,189,190,202,201
175,190,191,203,202
176,191,192,204,203
177,193,194,206,205
178,194,195,207,206
179,195,196,208,207
180,196,197,209,208
181,197,198,210,209
182,198,199,211,210
183,199,200,212,211
184,200,201,213,212
185,201,202,214,213
186,202,203,215,214
187,203,204,216,215
188,205,206,218,217
189,206,207,219,218
190,207,208,220,219
191,208,209,221,220
192,209,210,222,221
193,210,211,223,222
194,211,212,224,223
195,212,213,225,224
196,213,214,226,225
197,214,215,227,226
198,215,216,228,227
199,217,218,230,229
200,218,219,231,230
201,219,220,232,231
202,220,221,233,232
203,221,222,234,233
204,222,223,235,234
205,223,224,236,235
206,224,225,237,236
207,225,226,238,237
208,226,227,239,238
209,227,228,240,239
210,229,230,242,241
211,230,231,243,242
212,231,232,244,243
213,232,233,245,244
214,233,234,246,245
215,234,235,247,246
216,235,236,248,247
217,236,237,249,248
218,237,238,250,249
219,238,239,251,250
220,239,240,252,251
221,241,242,254,253
222,242,243,255,254
223,243,244,256,255
224,244,245,257,256
225,245,246,258,257
226,246,247,259,258
227,247,248,260,259
228,248,249,261,260
229,249,250,262,261
230,250,251,263,262
231,251,252,264,263
232,253,254,266,265
233,254,255,267,266
234,255,256,268,267
235,256,257,269,268
236,257,258,270,269
237,258,259,271,270
238,259,260,272,271
239,260,261,273,272
240,261,262,274,273
241,262,263,275,274
242,263,264,276,275
243,265,266,278,277
244,266,267,279,278
245,267,268,280,279
246,268,269,281,280
247,269,270,282,281
248,270,271,283,282
249,271,272,284,283
250,272,273,285,284
251,273,274,286,285
252,274,275,287,286
253,275,276,288,287
