100001,     1,    70,  1101,   125
100002,    70,    71,  1102,  1101
100003,    71,    72,  1103,  1102
100011,   125,  1101,  1110,   124
100012,  1101,  1102,  1111,  1110
100013,  1102,  1103,  1112,  1111
100014,  1103,  1104,  1113,  1112
100021,   124,  1110,  1119,   123
100022,  1110,  1111,  1120,  1119
100023,  1111,  1112,  1121,  1120
100024,  1112,  1113,  1122,  1121
100031,   123,  1119,  1128,   122
100032,  1119,  1120,  1129,  1128
100033,  1120,  1121,  1130,  1129
100034,  1121,  1122,  1131,  1130
100042,  1128,  1129,  1138,  1137
100043,  1129,  1130,  1139,  1138
100044,  1130,  1131,  1140,  1139
100050,  1136,    82,    83,  1145
100052,  1137,  1138,  1147,  1146
100053,  1138,  1139,  1148,  1147
100054,  1139,  1140,  1149,  1148
100060,  1145,    83,    84,  1154
100062,  1146,  1147,  1156,  1155
100063,  1147,  1148,  1157,  1156
100064,  1148,  1149,  1158,  1157
100070,  1154,    84,    85,  1163
100072,  1155,  1156,  1165,  1164
100073,  1156,  1157,  1166,  1165
100074,  1157,  1158,  1167,  1166
100080,  1163,    85,    86,  1172
100082,  1164,  1165,  1174,  1173
100083,  1165,  1166,  1175,  1174
100084,  1166,  1167,  1176,  1175
100085,  1167,  1168,  1177,  1176
100090,  1172,    86,    87,  1181
100092,  1173,  1174,  1183,  1182
100093,  1174,  1175,  1184,  1183
100094,  1175,  1176,  1185,  1184
100095,  1176,  1177,  1186,  1185
100102,  1182,  1183,  1192,  1191
100103,  1183,  1184,  1193,  1192
100104,  1184,  1185,  1194,  1193
100105,  1185,  1186,  1195,  1194
100113,  1192,  1193,  1202,  1201
100114,  1193,  1194,  1203,  1202
100115,  1194,  1195,  1204,  1203
100123,  1201,  1202,  1211,  1210
100124,  1202,  1203,  1212,  1211
100125,  1203,  1204,  1213,  1212
100133,  1210,  1211,  1220,  1219
100134,  1211,  1212,  1221,  1220
100135,  1212,  1213,  1222,  1221
100143,  1219,  1220,  1229,  1228
100144,  1220,  1221,  1230,  1229
100145,  1221,  1222,  1231,  1230
100153,  1228,  1229,  1238,  1237
100154,  1229,  1230,  1239,  1238
100155,  1230,  1231,  1240,  1239
100163,  1237,  1238,  1247,  1246
100164,  1238,  1239,  1248,  1247
100165,  1239,  1240,  1249,  1248
100173,  1246,  1247,  1256,  1255
100174,  1247,  1248,  1257,  1256
100175,  1248,  1249,  1258,  1257
100200,  1271,    97,     3,    98
100349,  1387,  1388,  1392,  1391
100350,  1388,   174,   175,  1392
100352,  1389,  1390,  1394,  1393
100353,  1390,  1391,  1395,  1394
100354,  1391,  1392,  1396,  1395
100355,  1392,   175,   176,  1396
100357,  1393,  1394,  1398,  1397
100358,  1394,  1395,  1399,  1398
100359,  1395,  1396,  1400,  1399
100360,  1396,   176,   177,  1400
100362,  1397,  1398,  1402,  1401
100363,  1398,  1399,  1403,  1402
100364,  1399,  1400,  1404,  1403
100365,  1400,   177,   178,  1404
100401,    12,   208,  1429,   243
100402,   208,   209,  1430,  1429
100575,   272,    17,   273,  1578
100580,  1578,   273,   274,  1582
100585,  1582,   274,   275,  1586
100590,  1586,   275,   276,  1590
100595,  1590,   276,   277,  1551
100596,   277,   278,  1591,  1551
100597,   278,    18,   279,  1591
100634,   278,   277,  1627,  1619
100635,   277,   276,  1628,  1627
100636,   276,   275,  1629,  1628
100637,   275,   274,  1630,  1629
100638,   274,   273,  1631,  1630
100639,   273,    17,   293,  1631
100643,  1629,  1630,  1635,  1634
100644,  1630,  1631,  1636,  1635
100645,  1631,   293,   294,  1636
100722,   323,    18,   278,  1619
100781,    99,    98,  1723,  1722
100782,    98,     3,   341,  1723
100790,  1721,  1722,  1731,  1730
100791,  1722,  1723,  1732,  1731
100792,  1723,   341,   342,  1732
100799,  1729,  1730,  1739,  1738
100800,  1730,  1731,  1740,  1739
100801,  1731,  1732,  1741,  1740
100802,  1732,   342,   343,  1741
100808,  1737,  1738,  1747,  1746
100809,  1738,  1739,  1748,  1747
100810,  1739,  1740,  1749,  1748
100811,  1740,  1741,  1750,  1749
100812,  1741,   343,   344,  1750
100818,  1746,  1747,  1756,  1755
100819,  1747,  1748,  1757,  1756
100820,  1748,  1749,  1758,  1757
100821,  1749,  1750,  1759,  1758
100822,  1750,   344,   345,  1759
100828,  1755,  1756,  1765,  1764
100829,  1756,  1757,  1766,  1765
100830,  1757,  1758,  1767,  1766
100831,  1758,  1759,  1768,  1767
100838,  1764,  1765,  1774,  1773
100839,  1765,  1766,  1775,  1774
100840,  1766,  1767,  1776,  1775
100847,  1772,  1773,  1782,  1781
100848,  1773,  1774,  1783,  1782
100849,  1774,  1775,  1784,  1783
100850,  1775,  1776,  1785,  1784
100857,  1781,  1782,  1791,  1790
100858,  1782,  1783,  1792,  1791
100859,  1783,  1784,  1793,  1792
100860,  1784,  1785,  1794,  1793
100867,  1790,  1791,   354,   355
100868,  1791,  1792,   353,   354
100869,  1792,  1793,   352,   353
100870,  1793,  1794,   351,   352
100913,    82,  1823,  1832,    83
100914,  1823,  1824,  1833,  1832
100923,    83,  1832,  1841,    84
100924,  1832,  1833,  1842,  1841
100933,    84,  1841,  1850,    85
100934,  1841,  1842,  1851,  1850
100935,  1842,  1843,  1852,  1851
100943,    85,  1850,  1859,    86
100944,  1850,  1851,  1860,  1859
100945,  1851,  1852,  1861,  1860
100953,    86,  1859,  1868,    87
100954,  1859,  1860,  1869,  1868
100955,  1860,  1861,  1870,  1869
100963,    87,  1868,  1877,    88
100964,  1868,  1869,  1878,  1877
100965,  1869,  1870,  1879,  1878
100973,    88,  1877,  1886,    89
100974,  1877,  1878,  1887,  1886
100975,  1878,  1879,  1888,  1887
100983,    89,  1886,  1895,    90
100984,  1886,  1887,  1896,  1895
100985,  1887,  1888,  1897,  1896
100993,    90,  1895,  1904,    91
100994,  1895,  1896,  1905,  1904
100995,  1896,  1897,  1906,  1905
101003,    91,  1904,  1913,    92
101004,  1904,  1905,  1914,  1913
101005,  1905,  1906,  1915,  1914
101013,    92,  1913,  1922,    93
101014,  1913,  1914,  1923,  1922
101015,  1914,  1915,  1924,  1923
101023,    93,  1922,  1931,    94
101024,  1922,  1923,  1932,  1931
101025,  1923,  1924,  1933,  1932
101033,    94,  1931,  1940,    95
101034,  1931,  1932,  1941,  1940
101035,  1932,  1933,  1942,  1941
101043,    95,  1940,  1949,    96
101044,  1940,  1941,  1950,  1949
101045,  1941,  1942,  1951,  1950
101053,    96,  1949,  1958,    97
101054,  1949,  1950,  1959,  1958
101055,  1950,  1951,  1960,  1959
101063,    97,  1958,   386,     3
101064,  1958,  1959,   385,   386
101065,  1959,  1960,   384,   385
101177,   426,   427,  2052,  2051
101178,   427,   428,  2053,  2052
101179,   428,   429,  2054,  2053
101180,   429,   430,  2055,  2054
101187,  2051,  2052,  2061,  2060
101188,  2052,  2053,  2062,  2061
101189,  2053,  2054,  2063,  2062
101190,  2054,  2055,  2064,  2063
101197,  2060,  2061,  2070,  2069
101198,  2061,  2062,  2071,  2070
101199,  2062,  2063,  2072,  2071
101200,  2063,  2064,  2073,  2072
101208,  2070,  2071,  2080,  2079
101209,  2071,  2072,  2081,  2080
101210,  2072,  2073,  2082,  2081
101218,  2079,  2080,  2089,  2088
101219,  2080,  2081,  2090,  2089
101220,  2081,  2082,  2091,  2090
101227,  2087,  2088,  2097,  2096
101228,  2088,  2089,  2098,  2097
101229,  2089,  2090,  2099,  2098
101230,  2090,  2091,  2100,  2099
101237,  2096,  2097,  2106,  2105
101238,  2097,  2098,  2107,  2106
101239,  2098,  2099,  2108,  2107
101240,  2099,  2100,  2109,  2108
101246,  2104,  2105,  2114,  2113
101247,  2105,  2106,  2115,  2114
101248,  2106,  2107,  2116,  2115
101249,  2107,  2108,  2117,  2116
101250,  2108,  2109,  2118,  2117
101256,  2113,  2114,  2123,  2122
101257,  2114,  2115,  2124,  2123
101258,  2115,  2116,  2125,  2124
101259,  2116,  2117,  2126,  2125
101266,  2122,  2123,   353,   352
101267,  2123,  2124,   354,   353
101268,  2124,  2125,   355,   354
101269,  2125,  2126,   356,   355
101273,    29,   441,  2129,   432
101274,   441,   442,  2130,  2129
101275,   442,   443,  2131,  2130
101276,   443,   444,  2132,  2131
101277,   444,    30,   445,  2132
101278,   432,  2129,  2133,   433
101279,  2129,  2130,  2134,  2133
101280,  2130,  2131,  2135,  2134
101281,  2131,  2132,  2136,  2135
101282,  2132,   445,   446,  2136
101326,   446,   445,  2184,  2183
101327,   445,    30,   454,  2184
101331,  2183,  2184,  2188,  2187
101332,  2184,   454,   455,  2188
101359,  2202,   463,   464,  2205
101363,  2205,   464,   465,  2208
101367,  2208,   465,   466,  2174
101368,   466,    32,   467,  2174
101427,   466,   465,  2257,  2247
101428,   465,   464,  2258,  2257
101429,   464,   463,  2259,  2258
101430,   463,   462,  2260,  2259
101431,   462,    31,   491,  2260
101432,  2247,  2257,  2261,  2246
101433,  2257,  2258,  2262,  2261
101434,  2258,  2259,  2263,  2262
101435,  2259,  2260,  2264,  2263
101436,  2260,   491,   492,  2264
101437,  2246,  2261,  2245,  2241
101438,  2261,  2262,  2244,  2245
101439,  2262,  2263,  2243,  2244
101440,  2263,  2264,  2242,  2243
101441,  2264,   492,   493,  2242
101442,   493,   494,  2265,  2242
101443,   494,   495,  2266,  2265
101448,  2242,  2265,  2270,  2243
101449,  2265,  2266,  2271,  2270
101454,  2243,  2270,  2275,  2244
101508,   513,   514,  2247,  2246
101509,   514,    32,   466,  2247
101518,  2307,  2308,  2312,  2311
101519,  2308,   515,   516,  2312
101522,  2310,  2311,  2315,  2314
101523,  2311,  2312,  2316,  2315
101524,  2312,   516,   517,  2316
101527,  2314,  2315,  2319,  2318
101528,  2315,  2316,  2320,  2319
101529,  2316,   517,   518,  2320
101532,  2318,  2319,  2323,  2322
101533,  2319,  2320,  2324,  2323
101534,  2320,   518,   519,  2324
101560,   519,   518,  2358,  2349
101561,   518,   517,  2359,  2358
101562,   517,   516,  2360,  2359
101563,   516,   515,  2361,  2360
101564,   515,    35,   537,  2361
101566,  2358,  2359,  2363,  2362
101567,  2359,  2360,  2364,  2363
101568,  2360,  2361,  2365,  2364
101569,  2361,   537,   538,  2365
101571,  2362,  2363,  2367,  2366
101572,  2363,  2364,  2368,  2367
101573,  2364,  2365,  2369,  2368
101574,  2365,   538,   539,  2369
101577,  2367,  2368,  2372,  2371
101578,  2368,  2369,  2373,  2372
101579,  2369,   539,   540,  2373
101584,  2373,   540,   541,  2342
101600,  2382,   547,   548,  2385
101604,  2385,   548,   549,  2350
101605,   549,   550,  2386,  2350
101606,   550,    40,   551,  2386
101648,   550,   549,  2425,  2417
101649,   549,   548,  2426,  2425
101650,   548,   547,  2427,  2426
101651,   547,   546,  2428,  2427
101652,   546,   545,  2429,  2428
101654,  2417,  2425,  2430,  2416
101655,  2425,  2426,  2431,  2430
101656,  2426,  2427,  2432,  2431
101657,  2427,  2428,  2433,  2432
101658,  2428,  2429,  2434,  2433
101659,  2429,   565,   566,  2434
101660,  2416,  2430,  2435,  2415
101661,  2430,  2431,  2436,  2435
101662,  2431,  2432,  2437,  2436
101663,  2432,  2433,  2438,  2437
101664,  2433,  2434,  2439,  2438
101665,  2434,   566,   567,  2439
101668,  2436,  2437,  2412,  2413
101669,  2437,  2438,  2411,  2412
101670,  2438,  2439,  2410,  2411
101671,  2439,   567,   568,  2410
101672,   568,   569,  2440,  2410
101673,   569,   570,  2441,  2440
101674,   570,   571,  2442,  2441
101676,   572,    42,   573,  2443
101677,  2410,  2440,  2444,  2411
101678,  2440,  2441,  2445,  2444
101679,  2441,  2442,  2446,  2445
101681,  2443,   573,   574,  2447
101682,  2411,  2444,  2448,  2412
101728,   592,   593,  2417,  2416
101729,   593,    40,   550,  2417
101780,    42,   611,  2508,   573
101781,   611,   612,  2509,  2508
101782,   612,   613,  2510,  2509
101783,   613,   614,  2511,  2510
101784,   614,    47,   615,  2511
101785,   573,  2508,  2512,   574
101786,  2508,  2509,  2513,  2512
101787,  2509,  2510,  2514,  2513
101788,  2510,  2511,  2515,  2514
101789,  2511,   615,   616,  2515
101860,   638,  2562,  2571,   637
101861,  2562,  2563,  2572,  2571
101862,  2563,  2564,  2573,  2572
101863,  2564,  2565,  2574,  2573
101864,  2565,  2566,  2575,  2574
101865,  2566,  2567,  2576,  2575
101866,  2567,  2568,  2577,  2576
101867,  2568,  2569,  2578,  2577
101870,   637,  2571,   636,    47
101871,  2571,  2572,   635,   636
101872,  2572,  2573,   634,   635
101873,  2573,  2574,   633,   634
101874,  2574,  2575,   632,   633
101875,  2575,  2576,   631,   632
101876,  2576,  2577,   630,   631
101877,  2577,  2578,   629,   630
101878,  2578,  2579,   628,   629
101879,  2579,   607,    46,   628
101880,    49,   641,  2580,   676
101881,   641,   642,  2581,  2580
101885,   645,   646,  2585,  2584
101886,   646,   647,  2586,  2585
101887,   647,   648,  2587,  2586
101888,   648,   649,  2588,  2587
101890,   676,  2580,  2589,   675
101891,  2580,  2581,  2590,  2589
101895,  2584,  2585,  2594,  2593
101896,  2585,  2586,  2595,  2594
101897,  2586,  2587,  2596,  2595
101898,  2587,  2588,  2597,  2596
101899,  2588,   650,   651,  2597
101905,  2593,  2594,  2603,  2602
101906,  2594,  2595,  2604,  2603
101907,  2595,  2596,  2605,  2604
101908,  2596,  2597,  2606,  2605
101909,  2597,   651,   652,  2606
101916,  2603,  2604,  2613,  2612
101917,  2604,  2605,  2614,  2613
101918,  2605,  2606,  2615,  2614
101919,  2606,   652,   653,  2615
101928,  2614,  2615,  2624,  2623
101929,  2615,   653,   654,  2624
101982,   678,   679,  2663,  2662
101983,   679,   680,  2664,  2663
101984,   680,    52,   681,  2664
101985,   650,  2661,  2665,   651
101986,  2661,  2662,  2666,  2665
101987,  2662,  2663,  2667,  2666
101988,  2663,  2664,  2668,  2667
101989,  2664,   681,   682,  2668
101990,   651,  2665,  2669,   652
101991,  2665,  2666,  2670,  2669
101992,  2666,  2667,  2671,  2670
101993,  2667,  2668,  2672,  2671
101994,  2668,   682,   683,  2672
101995,   652,  2669,  2673,   653
101996,  2669,  2670,  2674,  2673
101997,  2670,  2671,  2675,  2674
101998,  2671,  2672,  2676,  2675
101999,  2672,   683,   684,  2676
102000,   653,  2673,  2677,   654
102001,  2673,  2674,  2678,  2677
102033,   683,   682,  2717,  2716
102034,   682,   681,  2718,  2717
102035,   681,    52,   690,  2718
102040,  2717,  2718,  2723,  2722
102041,  2718,   690,   691,  2723
102047,  2723,   691,   692,  2728
102264,   496,   495,  2877,  2876
102265,   495,   494,  2878,  2877
102266,   494,   493,  2879,  2878
102267,   493,   492,  2880,  2879
102268,   492,   491,  2881,  2880
102273,  2876,  2877,  2885,  2884
102274,  2877,  2878,  2886,  2885
102275,  2878,  2879,  2887,  2886
102276,  2879,  2880,  2888,  2887
102281,  2883,  2884,  2892,  2891
102282,  2884,  2885,  2893,  2892
102283,  2885,  2886,  2894,  2893
102284,  2886,  2887,  2895,  2894
102285,  2887,  2888,  2896,  2895
102289,  2890,  2891,  2899,  2898
102290,  2891,  2892,  2900,  2899
102291,  2892,  2893,  2901,  2900
102292,  2893,  2894,  2902,  2901
102293,  2894,  2895,  2903,  2902
102298,  2898,  2899,   538,   537
102299,  2899,  2900,   539,   538
102300,  2900,  2901,   540,   539
102301,  2901,  2902,   541,   540
102302,  2902,  2903,   542,   541
102356,    47,   636,  2942,   615
102357,   636,   635,  2943,  2942
102358,   635,   634,  2944,  2943
102359,   634,   633,  2945,  2944
102360,   633,   632,  2946,  2945
102361,   632,   631,  2947,  2946
102362,   631,   630,  2948,  2947
102363,   630,   629,  2949,  2948
102364,   629,   628,  2950,  2949
102365,   628,    46,   764,  2950
102366,   615,  2942,  2951,   616
102367,  2942,  2943,  2952,  2951
102371,  2946,  2947,  2956,  2955
102372,  2947,  2948,  2957,  2956
102373,  2948,  2949,  2958,  2957
102374,  2949,  2950,  2959,  2958
102375,  2950,   764,   765,  2959
102383,  2957,  2958,  2967,  2966
102384,  2958,  2959,  2968,  2967
102385,  2959,   765,   766,  2968
102394,  2967,  2968,  2977,  2976
102395,  2968,   766,   767,  2977
102404,  2976,  2977,  2986,  2985
102405,  2977,   767,    57,  2986
102414,  2985,  2986,  2995,  2994
102415,  2986,    57,   768,  2995
102424,  2994,  2995,  3004,  3003
102425,  2995,   768,   769,  3004
102456,    30,   444,  3023,   775
102457,   444,   443,  3024,  3023
102458,   443,   442,  3025,  3024
102459,   442,   441,  3026,  3025
102460,   441,    29,   640,  3026
102461,   775,  3023,  3027,   774
102466,   774,  3027,  3031,   773
102475,  3034,   638,   637,  3038
102476,   772,  3035,   611,    42
102477,  3035,  3036,   612,   611
102478,  3036,  3037,   613,   612
102479,  3037,  3038,   614,   613
102480,  3038,   637,    47,   614
102487,   456,   455,  3045,  3044
102488,   455,   454,  3046,  3045
102489,   454,    30,   775,  3046
102495,  3043,  3044,  3052,  3051
102496,  3044,  3045,  3053,  3052
102497,  3045,  3046,  3054,  3053
102498,  3046,   775,   774,  3054
102503,  3050,  3051,  3059,  3058
102504,  3051,  3052,  3060,  3059
102505,  3052,  3053,  3061,  3060
102506,  3053,  3054,  3062,  3061
102507,  3054,   774,   773,  3062
102512,  3058,  3059,  3067,  3066
102513,  3059,  3060,  3068,  3067
102514,  3060,  3061,  3069,  3068
102515,  3061,  3062,  3070,  3069
102516,  3062,   773,   772,  3070
102519,  3064,  3065,   567,   566
102520,  3065,  3066,   568,   567
102521,  3066,  3067,   569,   568
102522,  3067,  3068,   570,   569
102523,  3068,  3069,   571,   570
102524,  3069,  3070,   572,   571
102525,  3070,   772,    42,   572
102659,   209,   208,  3175,  3174
102660,   208,    12,   828,  3175
102669,  3174,  3175,  3184,  3183
102670,  3175,   828,   829,  3184
102679,  3183,  3184,  3193,  3192
102680,  3184,   829,   830,  3193
102688,  3191,  3192,  3201,  3200
102689,  3192,  3193,  3202,  3201
102690,  3193,   830,   831,  3202
102697,  3199,  3200,  3209,  3208
102698,  3200,  3201,  3210,  3209
102699,  3201,  3202,  3211,  3210
102700,  3202,   831,   832,  3211
102706,  3207,  3208,  3217,  3216
102707,  3208,  3209,  3218,  3217
102708,  3209,  3210,  3219,  3218
102709,  3210,  3211,  3220,  3219
102710,  3211,   832,   833,  3220
102714,  3214,  3215,  3224,  3223
102715,  3215,  3216,  3225,  3224
102716,  3216,  3217,  3226,  3225
102717,  3217,  3218,  3227,  3226
102718,  3218,  3219,  3228,  3227
102719,  3219,  3220,  3229,  3228
102720,  3220,   833,   834,  3229
102723,  3222,  3223,  3232,  3231
102724,  3223,  3224,  3233,  3232
102725,  3224,  3225,  3234,  3233
102726,  3225,  3226,  3235,  3234
102727,  3226,  3227,  3236,  3235
102728,  3227,  3228,  3237,  3236
102729,  3228,  3229,  3238,  3237
102731,   173,  3230,  3239,   174
102732,  3230,  3231,  3240,  3239
102733,  3231,  3232,  3241,  3240
102734,  3232,  3233,  3242,  3241
102735,  3233,  3234,  3243,  3242
102736,  3234,  3235,  3244,  3243
102737,  3235,  3236,  3245,  3244
102738,  3236,  3237,  3246,  3245
102741,   174,  3239,  3248,   175
102742,  3239,  3240,  3249,  3248
102743,  3240,  3241,  3250,  3249
102744,  3241,  3242,  3251,  3250
102745,  3242,  3243,  3252,  3251
102746,  3243,  3244,  3253,  3252
102751,   175,  3248,  3257,   176
102752,  3248,  3249,  3258,  3257
102753,  3249,  3250,  3259,  3258
102754,  3250,  3251,  3260,  3259
102755,  3251,  3252,  3261,  3260
102761,   176,  3257,  3266,   177
102762,  3257,  3258,  3267,  3266
102763,  3258,  3259,  3268,  3267
102771,   177,  3266,  3275,   178
102830,  3319,   844,   845,  3328
102840,  3328,   845,   846,  3337
102850,  3337,   846,    17,   272
102851,     3,   386,  3338,   341
102852,   386,   385,  3339,  3338
102853,   385,   384,  3340,  3339
102861,   341,  3338,  3347,   342
102862,  3338,  3339,  3348,  3347
102863,  3339,  3340,  3349,  3348
102871,   342,  3347,  3356,   343
102872,  3347,  3348,  3357,  3356
102881,   343,  3356,  3365,   344
102959,    71,    70,  3427,  3426
102960,    70,     1,   856,  3427
103136,   123,  3564,  3568,   124
103141,   124,  3568,  3572,   125
103142,  3568,  3569,  3573,  3572
103146,   125,  3572,   896,     1
103147,  3572,  3573,   895,   896
103158,   295,   294,  3583,  3582
103159,   294,   293,  3584,  3583
103160,   293,    17,   846,  3584
103167,  3581,  3582,  3591,  3590
103168,  3582,  3583,  3592,  3591
103169,  3583,  3584,  3593,  3592
103170,  3584,   846,   845,  3593
103177,  3590,  3591,  3600,  3599
103178,  3591,  3592,  3601,  3600
103179,  3592,  3593,  3602,  3601
103180,  3593,   845,   844,  3602
103186,  3598,  3599,  3608,  3607
103187,  3599,  3600,  3609,  3608
103188,  3600,  3601,  3610,  3609
103189,  3601,  3602,  3611,  3610
103190,  3602,   844,   843,  3611
103195,  3606,  3607,  3616,  3615
103196,  3607,  3608,  3617,  3616
103197,  3608,  3609,  3618,  3617
103198,  3609,  3610,  3619,  3618
103199,  3610,  3611,  3620,  3619
103205,  3615,  3616,  3625,  3624
103206,  3616,  3617,  3626,  3625
103207,  3617,  3618,  3627,  3626
103208,  3618,  3619,  3628,  3627
103209,  3619,  3620,  3629,  3628
103215,  3624,  3625,  3634,  3633
103216,  3625,  3626,  3635,  3634
103217,  3626,  3627,  3636,  3635
103218,  3627,  3628,  3637,  3636
103224,  3632,  3633,  3642,  3641
103225,  3633,  3634,  3643,  3642
103226,  3634,  3635,  3644,  3643
103227,  3635,  3636,  3645,  3644
103234,  3641,  3642,  3651,  3650
103235,  3642,  3643,  3652,  3651
103236,  3643,  3644,  3653,  3652
103237,  3644,  3645,  3654,  3653
103244,  3650,  3651,  3660,  3659
103245,  3651,  3652,  3661,  3660
103246,  3652,  3653,  3662,  3661
103247,  3653,  3654,  3663,  3662
103254,  3659,  3660,  3669,  3668
103255,  3660,  3661,  3670,  3669
103256,  3661,  3662,  3671,  3670
103264,  3668,  3669,  3678,  3677
103265,  3669,  3670,  3679,  3678
103266,  3670,  3671,  3680,  3679
103274,  3677,  3678,  3687,  3686
103275,  3678,  3679,  3688,  3687
103276,  3679,  3680,  3689,  3688
103300,  3701,   833,   832,  3710
103310,  3710,   832,   831,  3719
103320,  3719,   831,   830,  3728
103330,  3728,   830,   829,  3737
103339,  3736,  3737,  3746,  3745
103340,  3737,   829,   828,  3746
103349,  3745,  3746,   897,   898
103350,  3746,   828,    12,   897
103500,  3872,   919,   920,  3881
103504,  3875,  3876,  3885,  3884
103505,  3876,  3877,  3886,  3885
103506,  3877,  3878,  3887,  3886
103507,  3878,  3879,  3888,  3887
103508,  3879,  3880,  3889,  3888
103509,  3880,  3881,  3890,  3889
103510,  3881,   920,   921,  3890
103514,  3884,  3885,  3894,  3893
103515,  3885,  3886,  3895,  3894
103516,  3886,  3887,  3896,  3895
103517,  3887,  3888,  3897,  3896
103518,  3888,  3889,  3898,  3897
103519,  3889,  3890,  3899,  3898
103520,  3890,   921,   922,  3899
103524,  3893,  3894,  3903,  3902
103525,  3894,  3895,  3904,  3903
103526,  3895,  3896,  3905,  3904
103527,  3896,  3897,  3906,  3905
103528,  3897,  3898,  3907,  3906
103529,  3898,  3899,  3908,  3907
103530,  3899,   922,   923,  3908
103536,  3904,  3905,  3914,  3913
103537,  3905,  3906,  3915,  3914
103538,  3906,  3907,  3916,  3915
103539,  3907,  3908,  3917,  3916
103540,  3908,   923,   924,  3917
103607,   693,   692,  3969,  3968
103608,   692,   691,  3970,  3969
103609,   691,   690,  3971,  3970
103610,   690,    52,   939,  3971
103616,  3967,  3968,  3977,  3976
103617,  3968,  3969,  3978,  3977
103618,  3969,  3970,  3979,  3978
103619,  3970,  3971,  3980,  3979
103620,  3971,   939,   940,  3980
103626,  3976,  3977,  3986,  3985
103627,  3977,  3978,  3987,  3986
103628,  3978,  3979,  3988,  3987
103629,  3979,  3980,  3989,  3988
103630,  3980,   940,   941,  3989
103636,  3985,  3986,  3995,  3994
103637,  3986,  3987,  3996,  3995
103638,  3987,  3988,  3997,  3996
103639,  3988,  3989,  3998,  3997
103646,  3994,  3995,  4004,  4003
103647,  3995,  3996,  4005,  4004
103648,  3996,  3997,  4006,  4005
103649,  3997,  3998,  4007,  4006
103650,  3998,   942,   943,  4007
103655,  4002,  4003,  4012,  4011
103656,  4003,  4004,  4013,  4012
103657,  4004,  4005,  4014,  4013
103658,  4005,  4006,  4015,  4014
103659,  4006,  4007,  4016,  4015
103660,  4007,   943,   944,  4016
103665,  4011,  4012,  4021,  4020
103666,  4012,  4013,  4022,  4021
103667,  4013,  4014,  4023,  4022
103668,  4014,  4015,  4024,  4023
103669,  4015,  4016,  4025,  4024
103670,  4016,   944,   945,  4025
103675,  4020,  4021,  4030,  4029
103676,  4021,  4022,  4031,  4030
103677,  4022,  4023,  4032,  4031
103678,  4023,  4024,  4033,  4032
103684,  4028,  4029,  4038,  4037
103685,  4029,  4030,  4039,  4038
103686,  4030,  4031,  4040,  4039
103687,  4031,  4032,  4041,  4040
103694,  4037,  4038,  4047,  4046
103695,  4038,  4039,  4048,  4047
103696,  4039,  4040,  4049,  4048
103697,  4040,  4041,  4050,  4049
103703,  4045,  4046,  4055,  4054
103704,  4046,  4047,  4056,  4055
103705,  4047,  4048,  4057,  4056
103706,  4048,  4049,  4058,  4057
103707,  4049,  4050,  4059,  4058
103712,  4053,  4054,  4063,  4062
103713,  4054,  4055,  4064,  4063
103714,  4055,  4056,  4065,  4064
103715,  4056,  4057,  4066,  4065
103716,  4057,  4058,  4067,  4066
103721,   917,  4062,  4071,   918
103722,  4062,  4063,  4072,  4071
103723,  4063,  4064,  4073,  4072
103724,  4064,  4065,  4074,  4073
103725,  4065,  4066,  4075,  4074
103726,  4066,  4067,  4076,  4075
103731,   918,  4071,  4080,   919
103732,  4071,  4072,  4081,  4080
103733,  4072,  4073,  4082,  4081
103734,  4073,  4074,  4083,  4082
103735,  4074,  4075,  4084,  4083
103741,   919,  4080,  4089,   920
103742,  4080,  4081,  4090,  4089
103743,  4081,  4082,  4091,  4090
103744,  4082,  4083,  4092,  4091
103751,   920,  4089,  4098,   921
103752,  4089,  4090,  4099,  4098
103753,  4090,  4091,  4100,  4099
103761,   921,  4098,  4107,   922
103762,  4098,  4099,  4108,  4107
103763,  4099,  4100,  4109,  4108
103771,   922,  4107,  4116,   923
103772,  4107,  4108,  4117,  4116
103851,    52,   680,  4179,   939
103852,   680,   679,  4180,  4179
103856,   939,  4179,  4183,   940
103866,   941,  4187,  4191,   942
103867,  4187,  4188,  4192,  4191
103868,  4188,  4189,  4193,  4192
103869,  4189,  4190,  4194,  4193
103870,  4190,   974,   975,  4194
103871,   942,  4191,  4195,   943
103872,  4191,  4192,  4196,  4195
103873,  4192,  4193,  4197,  4196
103874,  4193,  4194,  4198,  4197
103875,  4194,   975,   976,  4198
103876,   943,  4195,  4199,   944
103877,  4195,  4196,  4200,  4199
103878,  4196,  4197,  4201,  4200
103879,  4197,  4198,  4202,  4201
103880,  4198,   976,   977,  4202
103881,   944,  4199,  4203,   945
103882,  4199,  4200,  4204,  4203
103883,  4200,  4201,  4205,  4204
103984,   642,   641,  4283,  4282
103985,   641,    49,  1000,  4283
103993,  4281,  4282,  4291,  4290
103994,  4282,  4283,  4292,  4291
103995,  4283,  1000,  1001,  4292
104001,  4288,  4289,  4298,  4297
104002,  4289,  4290,  4299,  4298
104003,  4290,  4291,  4300,  4299
104004,  4291,  4292,  4301,  4300
104005,  4292,  1001,  1002,  4301
104006,   974,  4293,  4302,   975
104007,  4293,  4294,  4303,  4302
104008,  4294,  4295,  4304,  4303
104009,  4295,  4296,  4305,  4304
104010,  4296,  4297,  4306,  4305
104011,  4297,  4298,  4307,  4306
104012,  4298,  4299,  4308,  4307
104013,  4299,  4300,  4309,  4308
104014,  4300,  4301,  4310,  4309
104015,  4301,  1002,  1003,  4310
104016,   975,  4302,  4311,   976
104017,  4302,  4303,  4312,  4311
104018,  4303,  4304,  4313,  4312
104019,  4304,  4305,  4314,  4313
104020,  4305,  4306,  4315,  4314
104021,  4306,  4307,  4316,  4315
104022,  4307,  4308,  4317,  4316
104023,  4308,  4309,  4318,  4317
104024,  4309,  4310,  4319,  4318
104025,  4310,  1003,  1004,  4319
104026,   976,  4311,  4320,   977
104027,  4311,  4312,  4321,  4320
104028,  4312,  4313,  4322,  4321
104029,  4313,  4314,  4323,  4322
104030,  4314,  4315,  4324,  4323
104031,  4315,  4316,  4325,  4324
104032,  4316,  4317,  4326,  4325
104033,  4317,  4318,  4327,  4326
104226,    46,   606,  4491,   764
104236,   764,  4491,  4500,   765
104246,   765,  4500,  4509,   766
104256,   766,  4509,  4518,   767
104266,   767,  4518,  1045,    57
104297,  1003,  1002,  4548,  4547
104298,  1002,  1001,  4549,  4548
104299,  1001,  1000,  4550,  4549
104300,  1000,    49,  1046,  4550
