111,121,122,134,133
112,122,123,135,134
113,123,124,136,135
114,124,125,137,136
115,125,126,138,137
116,126,127,139,138
122,133,134,146,145
123,134,135,147,146
124,135,136,148,147
125,136,137,149,148
126,137,138,150,149
127,138,139,151,150
128,139,140,152,151
133,145,146,158,157
134,146,147,159,158
135,147,148,160,159
136,148,149,161,160
137,149,150,162,161
138,150,151,163,162
139,151,152,164,163
140,152,153,165,164
147,160,161,173,172
148,161,162,174,173
149,162,163,175,174
150,163,164,176,175
151,164,165,177,176
159,173,174,186,185
160,174,175,187,186
161,175,176,188,187
162,176,177,189,188
