    1      1      1      1      1
    2      1      0      1      1
    3      0      0      0      1
   11      1      1      1      1
   12      1      1      1      1
   13      1      0      1      1
   14      0      0      0      1
   21      1      1      1      0
   22      1      1      1      1
   23      1      1      1      1
   24      1      0      0      1
   31      0      1      0      0
   32      1      1      1      0
   33      1      1      1      1
   34      1      0      0      1
   42      0      1      1      0
   43      1      1      1      1
   44      1      0      0      1
   50      0      0      2      0
   52      0      1      1      0
   53      1      1      1      1
   54      1      0      0      1
   60      0      2      2      0
   62      0      1      1      0
   63      1      1      1      1
   64      1      0      0      1
   70      0      2      1      0
   72      0      1      1      0
   73      1      1      1      1
   74      1      0      0      1
   80      0      1      1      0
   82      0      1      1      0
   83      1      1      1      1
   84      1      0      1      1
   85      0      0      0      1
   90      0      1      0      0
   92      0      1      1      0
   93      1      1      1      1
   94      1      1      1      1
   95      1      0      0      1
  102      0      1      0      0
  103      1      1      1      0
  104      1      1      1      1
  105      1      0      0      1
  113      0      1      1      0
  114      1      1      1      1
  115      1      0      0      1
  123      0      1      1      0
  124      1      1      1      1
  125      1      0      0      1
  133      0      1      1      0
  134      1      1      1      1
  135      1      0      0      1
  143      0      1      1      0
  144      1      1      1      1
  145      1      0      0      1
  153      0      1      2      0
  154      1      1      2      2
  155      1      0      0      2
  163      0      2      2      0
  164      2      2      2      2
  165      2      0      0      2
  173      0      2      0      0
  174      2      2      0      0
  175      2      0      0      0
  200      0      0      1      0
  349      0      0      1      0
  350      0      0      1      1
  352      0      0      2      0
  353      0      0      2      2
  354      0      1      1      2
  355      1      1      1      1
  357      0      2      2      0
  358      2      2      2      2
  359      2      1      1      2
  360      1      1      1      1
  362      0      2      0      0
  363      2      2      0      0
  364      2      1      0      0
  365      1      1      0      0
  401      1      1      0      0
  402      1      0      0      0
  575      0      1      1      0
  580      0      1      1      0
  585      0      1      1      0
  590      0      1      1      0
  595      0      1      1      0
  596      1      1      0      0
  597      1      0      0      0
  634      1      1      0      0
  635      1      1      0      0
  636      1      1      0      0
  637      1      1      1      0
  638      1      1      1      1
  639      1      1      1      1
  643      0      1      0      0
  644      1      1      0      0
  645      1      1      0      0
  722      0      0      1      0
  781      0      0      1      0
  782      0      1      1      1
  790      0      0      1      0
  791      0      1      1      1
  792      1      1      1      1
  799      0      0      1      0
  800      0      1      1      1
  801      1      1      1      1
  802      1      1      1      1
  808      0      0      1      0
  809      0      1      1      1
  810      1      1      1      1
  811      1      1      1      1
  812      1      1      0      1
  818      0      1      1      0
  819      1      1      1      1
  820      1      1      1      1
  821      1      1      0      1
  822      1      0      0      0
  828      0      1      1      0
  829      1      1      1      1
  830      1      1      0      1
  831      1      0      0      0
  838      0      1      1      0
  839      1      1      1      1
  840      1      0      0      1
  847      0      0      1      0
  848      0      1      1      1
  849      1      1      1      1
  850      1      0      0      1
  857      0      1      1      0
  858      1      1      1      1
  859      1      1      1      1
  860      1      0      0      1
  867      0      1      1      0
  868      1      1      1      1
  869      1      1      0      1
  870      1      0      0      0
  913      0      0      2      2
  914      0      0      0      2
  923      2      2      2      2
  924      2      0      0      2
  933      2      2      1      1
  934      2      0      1      1
  935      0      0      0      1
  943      1      1      1      1
  944      1      1      1      1
  945      1      0      0      1
  953      1      1      1      0
  954      1      1      1      1
  955      1      0      0      1
  963      0      1      1      0
  964      1      1      1      1
  965      1      0      0      1
  973      0      1      1      0
  974      1      1      1      1
  975      1      0      0      1
  983      0      1      1      0
  984      1      1      1      1
  985      1      0      0      1
  993      0      1      1      0
  994      1      1      1      1
  995      1      0      0      1
 1003      0      1      1      0
 1004      1      1      1      1
 1005      1      0      0      1
 1013      0      1      1      0
 1014      1      1      1      1
 1015      1      0      0      1
 1023      0      1      1      0
 1024      1      1      1      1
 1025      1      0      0      1
 1033      0      1      1      0
 1034      1      1      1      1
 1035      1      0      0      1
 1043      0      1      1      0
 1044      1      1      1      1
 1045      1      0      0      1
 1053      0      1      1      0
 1054      1      1      1      1
 1055      1      0      0      1
 1063      0      1      1      1
 1064      1      1      1      1
 1065      1      0      0      1
 1177      0      0      2      0
 1178      0      0      2      2
 1179      0      0      1      2
 1180      0      0      0      1
 1187      0      2      2      0
 1188      2      2      2      2
 1189      2      1      1      2
 1190      1      0      0      1
 1197      0      2      0      0
 1198      2      2      1      0
 1199      2      1      1      1
 1200      1      0      0      1
 1208      0      1      1      0
 1209      1      1      1      1
 1210      1      0      0      1
 1218      0      1      1      0
 1219      1      1      1      1
 1220      1      0      0      1
 1227      0      0      1      0
 1228      0      1      1      1
 1229      1      1      1      1
 1230      1      0      0      1
 1237      0      1      1      0
 1238      1      1      1      1
 1239      1      1      1      1
 1240      1      0      0      1
 1246      0      0      1      0
 1247      0      1      1      1
 1248      1      1      1      1
 1249      1      1      0      1
 1250      1      0      0      0
 1256      0      1      1      0
 1257      1      1      1      1
 1258      1      1      1      1
 1259      1      0      0      1
 1266      0      1      1      0
 1267      1      1      1      1
 1268      1      1      0      1
 1269      1      0      0      0
 1273      0      2      2      0
 1274      2      2      2      2
 1275      2      1      1      2
 1276      1      1      1      1
 1277      1      1      1      1
 1278      0      2      0      0
 1279      2      2      0      0
 1280      2      1      0      0
 1281      1      1      0      0
 1282      1      1      0      0
 1326      0      1      1      0
 1327      1      1      1      1
 1331      0      1      0      0
 1332      1      1      0      0
 1359      0      0      1      0
 1363      0      1      1      0
 1367      0      1      1      0
 1368      1      1      0      0
 1427      1      1      1      1
 1428      1      1      1      1
 1429      1      0      1      1
 1430      0      0      1      1
 1431      0      0      0      1
 1432      1      1      1      0
 1433      1      1      1      1
 1434      1      1      1      1
 1435      1      1      1      1
 1436      1      0      1      1
 1437      0      1      0      0
 1438      1      1      0      0
 1439      1      1      1      0
 1440      1      1      1      1
 1441      1      1      1      1
 1442      1      1      1      1
 1443      1      0      0      1
 1448      1      1      0      1
 1449      1      0      0      0
 1454      1      0      0      0
 1508      0      1      1      0
 1509      1      1      1      1
 1518      0      0      1      0
 1519      0      0      1      1
 1522      0      0      2      0
 1523      0      1      2      2
 1524      1      1      1      2
 1527      0      2      2      0
 1528      2      2      2      2
 1529      2      1      1      2
 1532      0      2      0      0
 1533      2      2      0      0
 1534      2      1      0      0
 1560      0      1      0      0
 1561      1      1      1      0
 1562      1      1      1      1
 1563      1      0      1      1
 1564      0      0      0      1
 1566      0      1      1      0
 1567      1      1      1      1
 1568      1      1      1      1
 1569      1      0      1      1
 1571      0      1      0      0
 1572      1      1      1      0
 1573      1      1      1      1
 1574      1      1      1      1
 1577      0      1      0      0
 1578      1      1      0      0
 1579      1      1      1      0
 1584      0      1      0      0
 1600      0      0      1      0
 1604      0      1      1      0
 1605      1      1      0      0
 1606      1      1      0      0
 1648      1      1      1      1
 1649      1      1      1      1
 1650      1      0      1      1
 1651      0      0      1      1
 1652      0      0      0      1
 1654      1      1      1      0
 1655      1      1      1      1
 1656      1      1      1      1
 1657      1      1      1      1
 1658      1      0      1      1
 1659      0      0      0      1
 1660      0      1      0      0
 1661      1      1      0      0
 1662      1      1      1      0
 1663      1      1      1      1
 1664      1      1      1      1
 1665      1      0      1      1
 1668      0      1      0      0
 1669      1      1      1      0
 1670      1      1      1      1
 1671      1      1      1      1
 1672      1      1      1      1
 1673      1      1      1      1
 1674      1      0      0      1
 1676      0      2      2      0
 1677      1      1      0      1
 1678      1      1      0      0
 1679      1      0      0      0
 1681      0      2      0      0
 1682      1      0      0      0
 1728      0      1      1      0
 1729      1      1      1      1
 1780      2      2      2      2
 1781      2      1      1      2
 1782      1      1      1      1
 1783      1      1      1      1
 1784      1      1      1      1
 1785      2      2      0      0
 1786      2      1      0      0
 1787      1      1      0      0
 1788      1      1      0      0
 1789      1      1      0      0
 1860      0      0      1      1
 1861      0      0      1      1
 1862      0      0      1      1
 1863      0      0      1      1
 1864      0      0      1      1
 1865      0      0      1      1
 1866      0      0      1      1
 1867      0      0      0      1
 1870      1      1      1      1
 1871      1      1      1      1
 1872      1      1      1      1
 1873      1      1      1      1
 1874      1      1      1      1
 1875      1      1      1      1
 1876      1      1      1      1
 1877      1      0      1      1
 1878      0      0      1      1
 1879      0      0      0      1
 1880      1      1      1      1
 1881      1      0      0      1
 1885      0      0      2      0
 1886      0      0      2      2
 1887      0      0      1      2
 1888      0      0      0      1
 1890      1      1      0      0
 1891      1      0      0      0
 1895      0      2      2      0
 1896      2      2      2      2
 1897      2      1      1      2
 1898      1      0      1      1
 1899      0      0      1      1
 1905      0      2      0      0
 1906      2      2      1      0
 1907      2      1      1      1
 1908      1      1      1      1
 1909      1      1      1      1
 1916      0      1      0      0
 1917      1      1      0      0
 1918      1      1      1      0
 1919      1      1      1      1
 1928      0      1      0      0
 1929      1      1      0      0
 1982      0      0      1      0
 1983      0      1      1      1
 1984      1      1      1      1
 1985      0      0      1      1
 1986      0      0      1      1
 1987      0      1      1      1
 1988      1      1      1      1
 1989      1      1      1      1
 1990      1      1      1      1
 1991      1      1      1      1
 1992      1      1      1      1
 1993      1      1      1      1
 1994      1      1      0      1
 1995      1      1      1      1
 1996      1      1      0      1
 1997      1      1      0      0
 1998      1      1      0      0
 1999      1      0      0      0
 2000      1      1      0      0
 2001      1      0      0      0
 2033      0      1      0      0
 2034      1      1      1      0
 2035      1      1      1      1
 2040      0      1      0      0
 2041      1      1      1      0
 2047      0      1      0      0
 2264      0      0      1      0
 2265      0      1      1      1
 2266      1      1      1      1
 2267      1      1      0      1
 2268      1      0      0      0
 2273      0      1      1      0
 2274      1      1      1      1
 2275      1      1      1      1
 2276      1      0      0      1
 2281      0      0      1      0
 2282      0      1      1      1
 2283      1      1      1      1
 2284      1      1      0      1
 2285      1      0      0      0
 2289      0      0      1      0
 2290      0      1      1      1
 2291      1      1      1      1
 2292      1      1      1      1
 2293      1      0      0      1
 2298      0      1      1      0
 2299      1      1      1      1
 2300      1      1      1      1
 2301      1      1      0      1
 2302      1      0      0      0
 2356      1      1      1      1
 2357      1      1      0      1
 2358      1      1      0      0
 2359      1      1      0      0
 2360      1      1      0      0
 2361      1      1      1      0
 2362      1      1      1      1
 2363      1      1      1      1
 2364      1      1      1      1
 2365      1      0      1      1
 2366      1      1      0      0
 2367      1      0      0      0
 2371      0      1      0      0
 2372      1      1      0      0
 2373      1      1      1      0
 2374      1      1      1      1
 2375      1      1      1      1
 2383      0      1      0      0
 2384      1      1      1      0
 2385      1      1      1      1
 2394      0      1      1      0
 2395      1      1      1      1
 2404      0      1      1      0
 2405      1      1      1      1
 2414      0      1      1      0
 2415      1      1      1      1
 2424      0      1      0      0
 2425      1      1      0      0
 2456      1      1      0      1
 2457      1      1      0      0
 2458      1      2      0      0
 2459      2      2      0      0
 2460      2      0      0      0
 2461      1      0      0      1
 2466      1      0      0      0
 2475      0      0      1      0
 2476      0      0      2      2
 2477      0      0      1      2
 2478      0      0      1      1
 2479      0      0      1      1
 2480      0      1      1      1
 2487      0      0      1      0
 2488      0      1      1      1
 2489      1      1      1      1
 2495      0      0      1      0
 2496      0      1      1      1
 2497      1      1      1      1
 2498      1      1      1      1
 2503      0      0      1      0
 2504      0      1      1      1
 2505      1      1      1      1
 2506      1      1      1      1
 2507      1      1      0      1
 2512      0      1      1      0
 2513      1      1      1      1
 2514      1      1      1      1
 2515      1      1      0      1
 2516      1      0      0      0
 2519      0      0      1      0
 2520      0      0      1      1
 2521      0      1      1      1
 2522      1      1      1      1
 2523      1      1      0      1
 2524      1      0      0      0
 2525      0      0      2      0
 2659      0      1      1      0
 2660      1      1      1      1
 2669      0      1      1      0
 2670      1      1      1      1
 2679      0      1      1      0
 2680      1      1      1      1
 2688      0      0      1      0
 2689      0      1      1      1
 2690      1      1      1      1
 2697      0      0      1      0
 2698      0      1      1      1
 2699      1      1      1      1
 2700      1      1      1      1
 2706      0      0      1      0
 2707      0      1      1      1
 2708      1      1      1      1
 2709      1      1      1      1
 2710      1      1      0      1
 2714      0      0      1      0
 2715      0      0      1      1
 2716      0      1      1      1
 2717      1      1      1      1
 2718      1      1      1      1
 2719      1      1      0      1
 2720      1      0      0      0
 2723      0      0      1      0
 2724      0      1      1      1
 2725      1      1      1      1
 2726      1      1      1      1
 2727      1      1      1      1
 2728      1      1      0      1
 2729      1      0      0      0
 2731      0      0      1      0
 2732      0      0      1      1
 2733      0      1      1      1
 2734      1      1      1      1
 2735      1      1      1      1
 2736      1      1      0      1
 2737      1      1      0      0
 2738      1      0      0      0
 2741      0      1      1      1
 2742      1      1      1      1
 2743      1      1      1      1
 2744      1      1      1      1
 2745      1      1      0      1
 2746      1      0      0      0
 2751      1      1      1      1
 2752      1      1      1      1
 2753      1      1      0      1
 2754      1      1      0      0
 2755      1      0      0      0
 2761      1      1      0      1
 2762      1      1      0      0
 2763      1      0      0      0
 2771      1      0      0      0
 2830      0      0      1      0
 2840      0      1      1      0
 2850      0      1      1      0
 2851      1      1      1      1
 2852      1      1      1      1
 2853      1      0      0      1
 2861      1      1      1      1
 2862      1      1      0      1
 2863      1      0      0      0
 2871      1      1      0      1
 2872      1      0      0      0
 2881      1      0      0      0
 2959      0      1      0      0
 2960      1      1      0      0
 3136      0      0      0      1
 3141      1      0      1      1
 3142      0      0      0      1
 3146      1      1      1      1
 3147      1      0      0      1
 3158      0      0      1      0
 3159      0      1      1      1
 3160      1      1      1      1
 3167      0      0      1      0
 3168      0      1      1      1
 3169      1      1      1      1
 3170      1      1      1      1
 3177      0      1      1      0
 3178      1      1      1      1
 3179      1      1      1      1
 3180      1      1      0      1
 3186      0      0      1      0
 3187      0      1      1      1
 3188      1      1      1      1
 3189      1      1      0      1
 3190      1      0      0      0
 3195      0      0      1      0
 3196      0      1      1      1
 3197      1      1      1      1
 3198      1      1      1      1
 3199      1      0      0      1
 3205      0      1      1      0
 3206      1      1      1      1
 3207      1      1      1      1
 3208      1      1      0      1
 3209      1      0      0      0
 3215      0      1      1      0
 3216      1      1      1      1
 3217      1      1      0      1
 3218      1      0      0      0
 3224      0      0      1      0
 3225      0      1      1      1
 3226      1      1      1      1
 3227      1      0      0      1
 3234      0      1      1      0
 3235      1      1      1      1
 3236      1      1      1      1
 3237      1      0      0      1
 3244      0      1      1      0
 3245      1      1      1      1
 3246      1      1      0      1
 3247      1      0      0      0
 3254      0      1      2      0
 3255      1      1      2      2
 3256      1      0      0      2
 3264      0      2      2      0
 3265      2      2      2      2
 3266      2      0      0      2
 3274      0      2      0      0
 3275      2      2      0      0
 3276      2      0      0      0
 3300      0      0      1      0
 3310      0      1      1      0
 3320      0      1      1      0
 3330      0      1      1      0
 3339      0      0      1      0
 3340      0      1      1      1
 3349      0      1      1      0
 3350      1      1      1      1
 3500      0      0      1      0
 3504      0      0      2      0
 3505      0      0      2      2
 3506      0      0      1      2
 3507      0      0      1      1
 3508      0      0      1      1
 3509      0      0      1      1
 3510      0      1      1      1
 3514      0      2      2      0
 3515      2      2      2      2
 3516      2      1      1      2
 3517      1      1      1      1
 3518      1      1      1      1
 3519      1      1      1      1
 3520      1      1      1      1
 3524      0      2      0      0
 3525      2      2      0      0
 3526      2      1      1      0
 3527      1      1      1      1
 3528      1      1      1      1
 3529      1      1      1      1
 3530      1      1      0      1
 3536      0      1      0      0
 3537      1      1      0      0
 3538      1      1      0      0
 3539      1      1      0      0
 3540      1      0      0      0
 3607      0      0      1      0
 3608      0      1      1      1
 3609      1      1      1      1
 3610      1      1      1      1
 3616      0      0      1      0
 3617      0      1      1      1
 3618      1      1      1      1
 3619      1      1      1      1
 3620      1      1      0      1
 3626      0      1      1      0
 3627      1      1      1      1
 3628      1      1      1      1
 3629      1      1      0      1
 3630      1      0      0      0
 3636      0      1      1      0
 3637      1      1      1      1
 3638      1      1      0      1
 3639      1      0      0      0
 3646      0      1      1      0
 3647      1      1      1      1
 3648      1      0      0      1
 3649      0      0      2      0
 3650      0      0      2      2
 3655      0      0      1      0
 3656      0      1      1      1
 3657      1      1      1      1
 3658      1      0      0      1
 3659      0      2      2      0
 3660      2      2      2      2
 3665      0      1      1      0
 3666      1      1      1      1
 3667      1      1      1      1
 3668      1      0      0      1
 3669      0      2      0      0
 3670      2      2      0      0
 3675      0      1      1      0
 3676      1      1      1      1
 3677      1      1      0      1
 3678      1      0      0      0
 3684      0      0      1      0
 3685      0      1      1      1
 3686      1      1      1      1
 3687      1      0      0      1
 3694      0      1      1      0
 3695      1      1      1      1
 3696      1      1      1      1
 3697      1      0      0      1
 3703      0      0      1      0
 3704      0      1      1      1
 3705      1      1      1      1
 3706      1      1      0      1
 3707      1      0      0      0
 3712      0      0      1      0
 3713      0      1      1      1
 3714      1      1      1      1
 3715      1      1      1      1
 3716      1      0      0      1
 3721      0      0      1      0
 3722      0      1      1      1
 3723      1      1      1      1
 3724      1      1      1      1
 3725      1      1      0      1
 3726      1      0      0      0
 3731      0      1      1      0
 3732      1      1      1      1
 3733      1      1      1      1
 3734      1      1      0      1
 3735      1      0      0      0
 3741      0      1      1      1
 3742      1      1      1      1
 3743      1      1      0      1
 3744      1      0      0      0
 3751      1      1      1      1
 3752      1      1      1      1
 3753      1      0      0      1
 3761      1      1      1      1
 3762      1      1      0      1
 3763      1      0      0      0
 3771      1      1      0      0
 3772      1      0      0      0
 3851      1      1      0      1
 3852      1      0      0      0
 3856      1      0      0      0
 3866      0      0      1      0
 3867      0      0      1      1
 3868      0      0      1      1
 3869      0      0      1      1
 3870      0      0      1      1
 3871      0      1      1      2
 3872      1      1      1      1
 3873      1      1      1      1
 3874      1      1      1      1
 3875      1      1      1      1
 3876      2      1      1      2
 3877      1      1      1      1
 3878      1      1      0      1
 3879      1      1      0      0
 3880      1      1      0      0
 3881      2      1      0      0
 3882      1      1      0      0
 3883      1      0      0      0
 3984      0      1      1      0
 3985      1      1      1      1
 3993      0      0      1      0
 3994      0      1      1      1
 3995      1      1      1      1
 4001      0      0      1      0
 4002      0      0      1      1
 4003      0      1      1      1
 4004      1      1      1      1
 4005      1      1      1      1
 4006      0      0      1      1
 4007      0      0      1      1
 4008      0      0      1      1
 4009      0      0      1      1
 4010      0      0      1      1
 4011      0      1      1      1
 4012      1      1      1      1
 4013      1      1      1      1
 4014      1      1      1      1
 4015      1      1      0      1
 4016      1      1      1      1
 4017      1      1      1      1
 4018      1      1      1      1
 4019      1      1      1      1
 4020      1      1      1      1
 4021      1      1      1      1
 4022      1      1      1      1
 4023      1      1      0      1
 4024      1      1      0      0
 4025      1      0      0      0
 4026      1      1      0      0
 4027      1      1      0      0
 4028      1      1      0      0
 4029      1      1      0      0
 4030      1      1      0      0
 4031      1      1      0      0
 4032      1      1      0      0
 4033      1      0      0      0
 4226      0      0      0      1
 4236      1      0      0      1
 4246      1      0      0      1
 4256      1      0      0      1
 4266      1      0      0      1
 4297      0      1      0      0
 4298      1      1      0      0
 4299      1      1      0      0
 4300      1      1      0      0
